num_layers: 151
num_baselayers: 0
line_resolution: 0.1
baselayer_thickness: 4
point_distance: 3.141592653589793
dh_max: 2.1131592491130435
dh_min: 1.5876419923558467
point_of_rotation: 176.04406669460283
layer_angle: 0.6022095052318358
tube_diameter: 50
smooth_filter: False
q_positioner_seed: 
  - 0.0
  - -1.449848366537050737e+00




