-4.135929575726775553e-01,7.120265140499767442e-01,3.522777664790959218e-01,1.806902832949944804e-01,-8.591639319472896830e-01,-4.656688532459857255e-01
-4.190520383621949563e-01,7.170899209337525670e-01,3.596702138703982143e-01,1.779168222079910433e-01,-8.605439612618752676e-01,-4.584827080690003775e-01
-4.139435152341111035e-01,7.099502363955494388e-01,3.492506968079445162e-01,1.806827614963252837e-01,-8.581696669765294105e-01,-4.654682439573992192e-01
-4.086911958428132152e-01,7.036145210619123569e-01,3.400254216662086382e-01,1.834572625331171436e-01,-8.562172022182074071e-01,-4.725497451443174124e-01
-4.141775312726752034e-01,7.085684802689148354e-01,3.472373730175144502e-01,1.806773314638020211e-01,-8.575090401093926618e-01,-4.653335647829553445e-01
-4.195244629720917828e-01,7.143158947618236665e-01,3.556194284241351866e-01,1.779019551378342168e-01,-8.592090540087110595e-01,-4.582061987339208775e-01
-4.144117976165127004e-01,7.071886455790381554e-01,3.452277925306035389e-01,1.806715688903357542e-01,-8.568501733282405386e-01,-4.651981340295492373e-01
-4.091550104760166562e-01,7.008627799471408570e-01,3.360255201122279711e-01,1.834501179980532470e-01,-8.549109277781660188e-01,-4.722869156924709433e-01
-4.146463128604551684e-01,7.058107299873359608e-01,3.432219492733430410e-01,1.806654737162445568e-01,-8.561930632431428156e-01,-4.650619533845050113e-01
-4.199978896416416418e-01,7.115497741462115666e-01,3.515839607448467685e-01,1.778857490087803195e-01,-8.578813166012324576e-01,-4.579266661942458239e-01
-4.148810782671041864e-01,7.044347155593126963e-01,3.412198144864715399e-01,1.806590458115100162e-01,-8.555376990422066674e-01,-4.649250229785242827e-01
-4.096198194540345838e-01,6.981184864167931936e-01,3.320402074452568630e-01,1.834416516169941336e-01,-8.536115445189048634e-01,-4.720211048550264077e-01
-4.151160942110330154e-01,7.030605897195163489e-01,3.392213672471591224e-01,1.806522850620709553e-01,-8.548840725003551411e-01,-4.647873434392151282e-01
-4.204723231522144999e-01,7.087914432619042415e-01,3.475636199713936225e-01,1.778682030387484792e-01,-8.565606748126062264e-01,-4.576441149284282695e-01
-4.153513619609690011e-01,7.016883348039948398e-01,3.372265792671309548e-01,1.806451913210824212e-01,-8.542321730030184579e-01,-4.646489148518139767e-01
-4.100856248914217517e-01,6.953815480719426345e-01,3.280693290579983490e-01,1.834318623774895407e-01,-8.523189912823936343e-01,-4.717523178612826329e-01
-4.155868801068987040e-01,7.003179488858327639e-01,3.352354451619081743e-01,1.806377645179411684e-01,-8.535819974359381002e-01,-4.645097388639039537e-01
-4.209477646983375010e-01,7.060408092326562191e-01,3.435582492008952826e-01,1.778493164865948550e-01,-8.552470658535308301e-01,-4.573585512887479720e-01
-4.158226499179757951e-01,6.989494145224144361e-01,3.332479370196934632e-01,1.806300044967961427e-01,-8.529335353380268492e-01,-4.643698155330707733e-01
-4.105524315668729329e-01,6.926518587084637968e-01,3.241127107754415704e-01,1.834207491292900449e-01,-8.510332007990508707e-01,-4.714805581677581903e-01
-4.160586726678729974e-01,6.975827144112092260e-01,3.312640271751075005e-01,1.806219110916870707e-01,-8.522867763526806861e-01,-4.642291448905742079e-01
-4.214242190908397134e-01,7.032977601991147187e-01,3.395676643589884414e-01,1.778290883877546857e-01,-8.539404182847450953e-01,-4.570699792178882781e-01
-4.162949469429246818e-01,6.962178469190877239e-01,3.292837107352468706e-01,1.806134842244543903e-01,-8.516417175620546454e-01,-4.640877285560935372e-01
-4.110202407304273109e-01,6.899293345964218060e-01,3.201702114616011841e-01,1.834083107224807885e-01,-8.497541167954237862e-01,-4.712058310486805790e-01
-4.165314740172334496e-01,6.948547949561573178e-01,3.273069603964224861e-01,1.806047237204794209e-01,-8.509983487570307314e-01,-4.639455665343102386e-01
-4.219016884455903948e-01,7.005622018458682598e-01,3.355917073946481644e-01,1.778075178007536006e-01,-8.526406694662810315e-01,-4.567784040343979002e-01
-4.167682551694422699e-01,6.934935415677560000e-01,3.253337490931331732e-01,1.805956293951963554e-01,-8.503566598296535828e-01,-4.638026588041318510e-01
-4.114890571908320638e-01,6.872138729916243971e-01,3.162416628718127676e-01,1.833945458404837026e-01,-8.484816744417570389e-01,-4.709281394754761263e-01
-4.170052889822191133e-01,6.921340854024328193e-01,3.233640724034438918e-01,1.805862011634060404e-01,-8.497166480501185948e-01,-4.636590069588756302e-01
-4.223801748817690438e-01,6.978340416277392100e-01,3.316302232673746797e-01,1.777846037130543233e-01,-8.513477579857204880e-01,-4.564838308384442378e-01
-4.172425767346439329e-01,6.907764097098935130e-01,3.213979036094840591e-01,1.805764388322142755e-01,-8.490783034522538797e-01,-4.635146109518877289e-01
-4.119588831056422151e-01,6.845053882948647361e-01,3.123269220221258635e-01,1.833794531607003675e-01,-8.472158173466737274e-01,-4.706474877576221072e-01
-4.174801197103530370e-01,6.894204978704464581e-01,3.194352162237243942e-01,1.805663421989365525e-01,-8.484416161678796087e-01,-4.633694707112702149e-01
-4.228596832548152662e-01,6.951131732536283137e-01,3.276830374369019694e-01,1.777603449009781400e-01,-8.500616163232578293e-01,-4.561862628147690946e-01
-4.177179164883382256e-01,6.880663488028209152e-01,3.174760062756254442e-01,1.805559111718255672e-01,-8.478065836472817862e-01,-4.632235878054433154e-01
-4.124297206360933998e-01,6.818037964504678472e-01,3.084258485547390904e-01,1.833630312966691989e-01,-8.459564901900826772e-01,-4.703638800088842387e-01
-4.179559683526790081e-01,6.867139460838269649e-01,3.155202476119147725e-01,1.805451455401836658e-01,-8.471731961586410620e-01,-4.630769621379168255e-01
-4.233402152515486350e-01,6.923995102771646204e-01,3.237500046190358027e-01,1.777347402173447832e-01,-8.487821867529887765e-01,-4.558857048791428168e-01
-4.181942761395252006e-01,6.853632759781359551e-01,3.135679180040811254e-01,1.805340451050534978e-01,-8.465414452625035224e-01,-4.629295938678389954e-01
-4.129015746364519401e-01,6.791089995845203120e-01,3.045382825774036739e-01,1.833452786948170099e-01,-8.447036315819660413e-01,-4.700773185122767983e-01
-4.184328397816994283e-01,6.840143299787035946e-01,3.116190028086618380e-01,1.805226097044575762e-01,-8.459113249895040543e-01,-4.627814836989833092e-01
-4.238217743880277055e-01,6.896929576000273565e-01,3.198309674077535192e-01,1.777077883495656041e-01,-8.475094078393955455e-01,-4.555821605990581502e-01
-4.186716592107879720e-01,6.826670996625716636e-01,3.096734875224866901e-01,1.805108391744959795e-01,-8.452828294261744979e-01,-4.626326323275946617e-01
-4.133744468435054387e-01,6.764209192761877487e-01,3.006640926882027109e-01,1.833261938417271308e-01,-8.434571895550920795e-01,-4.697878072303782737e-01
-4.189107357190353653e-01,6.813215690339942121e-01,3.077313467330866636e-01,1.804987332795175703e-01,-8.446559491497263039e-01,-4.624830395887211121e-01
-4.243043637369883214e-01,6.869934243554219888e-01,3.159257749634771795e-01,1.776794879332253829e-01,-8.462432205258733076e-01,-4.552756336036400953e-01
-4.191500687854858853e-01,6.799777324127215250e-01,3.057925699462282765e-01,1.804862918701255481e-01,-8.440306795689341834e-01,-4.623327064373187745e-01
-4.138483407945798831e-01,6.737394683436256360e-01,2.968031352373496912e-01,1.833057750897994220e-01,-8.422171084158367460e-01,-4.694953488398647679e-01
-4.193896597057591435e-01,6.786355740042219198e-01,3.038571320972200951e-01,1.804735146994269901e-01,-8.434070114056604339e-01,-4.621816326772182348e-01
-4.247879868418102944e-01,6.843008187294434830e-01,3.120342755039213767e-01,1.776498375025537257e-01,-8.449835656902296988e-01,-4.549661270126417190e-01
-4.196295084138057518e-01,6.772950857590245288e-01,3.019250193209701560e-01,1.804604015867660172e-01,-8.427849390082161607e-01,-4.620298189548775469e-01
-4.143232595912653693e-01,6.710645636092600341e-01,2.929552727420619007e-01,1.832840207397711529e-01,-8.409833346787022323e-01,-4.691999460886088213e-01
-4.198696148423390895e-01,6.759562597062521716e-01,2.999962178833270876e-01,1.804469523498021533e-01,-8.421644567770094625e-01,-4.618772659099256717e-01
-4.252726458799349629e-01,6.816150581343409787e-01,3.081563309933064154e-01,1.776188356058248374e-01,-8.437303888919084338e-01,-4.546536446189163305e-01
-4.201099802920627013e-01,6.746190803442345674e-01,2.980707032260485612e-01,1.804331667251173610e-01,-8.415455556447178909e-01,-4.617239733004380731e-01
-4.147992067988557352e-01,6.683961207752210365e-01,2.891203664985644295e-01,1.832609290033559712e-01,-8.397558146883229435e-01,-4.689016012450039628e-01
-4.203506042407116894e-01,6.732835424174845596e-01,2.961484655728656712e-01,1.804190445485209238e-01,-8.409282313109434082e-01,-4.615699420331912384e-01
-4.257583444163790531e-01,6.789360538395189382e-01,3.042917949203534089e-01,1.775864806380782479e-01,-8.424836331734570916e-01,-4.543381891309846710e-01
-4.205914879923948746e-01,6.719496306138128539e-01,2.942294806933869467e-01,1.804045855457938607e-01,-8.403124748449489756e-01,-4.614151718364442045e-01
-4.152761846388939304e-01,6.657340645114993016e-01,2.852982910676664652e-01,1.832364980935305976e-01,-8.385344992492460570e-01,-4.686003172373983672e-01
-4.208326314822148362e-01,6.706173373132533477e-01,2.923137354531564203e-01,1.803897895187414890e-01,-8.396982808933622922e-01,-4.612596633028160920e-01
-4.262450855691186646e-01,6.762637211603931275e-01,3.004405270176362386e-01,1.775527709538601007e-01,-8.412432438218299113e-01,-4.540197633495533514e-01
-4.210740346440235982e-01,6.692866549693845535e-01,2.904012168400549321e-01,1.803746562677117082e-01,-8.390856441514088493e-01,-4.611034170187593983e-01
-4.157541966990017102e-01,6.630783132304195471e-01,2.814889123849961816e-01,1.832107260943845739e-01,-8.373193366144372485e-01,-4.682960959595637851e-01
-4.213156987870618764e-01,6.679575685459449019e-01,2.884919011013793444e-01,1.803591855025963309e-01,-8.384745558875251747e-01,-4.609464326687977009e-01
-4.267328729309145530e-01,6.735979743371157680e-01,2.966023858644875055e-01,1.775177048072525410e-01,-8.400091659767773278e-01,-4.536983695732966781e-01
-4.215576238471285819e-01,6.666300706681062005e-01,2.865857755196825618e-01,1.803433770151934012e-01,-8.378650109186598360e-01,-4.607887108148144284e-01
-4.162332461273843265e-01,6.604287891890483486e-01,2.776921022745424406e-01,1.831836110487874425e-01,-8.361102771283002166e-01,-4.679889394042909823e-01
-4.217998097587720707e-01,6.653041540317433666e-01,2.846828274950135018e-01,1.803272305959694177e-01,-8.372570041083913228e-01,-4.606302520128915390e-01
-4.272217087169094540e-01,6.709387366110768358e-01,2.927772433824702425e-01,1.774812804876569061e-01,-8.387813492845400676e-01,-4.533740108258622614e-01
-4.220422578363871580e-01,6.639798038669729729e-01,2.827830337361385560e-01,1.803107459392884748e-01,-8.366505269177670900e-01,-4.604710559049626228e-01
-4.167133363120463230e-01,6.577854146702694083e-01,2.739077329581831588e-01,1.831551509245402110e-01,-8.349072714681813334e-01,-4.676788492377202400e-01
-4.222849677860462947e-01,6.626570142896771598e-01,2.808863837257482565e-01,1.802939228434301266e-01,-8.360455749012419835e-01,-4.603111231753900245e-01
-4.277115965418598620e-01,6.682859250134750573e-01,2.889649629250636842e-01,1.774434961215049233e-01,-8.375597408481434414e-01,-4.530466890301971805e-01
-4.225279402342971835e-01,6.613357744658638904e-01,2.789928598663784509e-01,1.802767610409701238e-01,-8.354421413647349359e-01,-4.601504538946514233e-01
-4.171944699692335945e-01,6.551481169663649906e-01,2.701356841805788722e-01,1.831253436702383885e-01,-8.337102729038219362e-01,-4.673658273929560125e-01
-4.227711755784868686e-01,6.600160748978495251e-01,2.771024464998994574e-01,1.802592602762272678e-01,-8.348402202460505350e-01,-4.599890482730146779e-01
-4.282025398028963536e-01,6.656394592022822909e-01,2.851654120018936034e-01,1.774043497864924990e-01,-8.363442893192912786e-01,-4.527164060722660421e-01
-4.230146742166978058e-01,6.586979061658964074e-01,2.752151281017094497e-01,1.802414202898189322e-01,-8.342398055380224609e-01,-4.598269065099418462e-01
-4.176766507391747041e-01,6.525168195778934255e-01,2.663758306055517000e-01,1.830941871203381754e-01,-8.325192332889638225e-01,-4.670498750403676014e-01
-4.232584367791822899e-01,6.573812576786439710e-01,2.733308874926656529e-01,1.802232408012868770e-01,-8.336408907202755847e-01,-4.596640286392978947e-01
-4.286945412097225017e-01,6.629992639168434954e-01,2.813784657804854206e-01,1.773638395551676572e-01,-8.351349460059158680e-01,-4.523831641296277017e-01
-4.235024632028867586e-01,6.560661226682521496e-01,2.714497129864801295e-01,1.802047215784564893e-01,-8.330434710304310819e-01,-4.595004151483788046e-01
-4.181598813599247677e-01,6.498914521956996593e-01,2.626280560854370449e-01,1.830616791094460682e-01,-8.313341075852864748e-01,-4.667309937792171182e-01
-4.237467541192891929e-01,6.547524906932793431e-01,2.695715876604356520e-01,1.801858623339737397e-01,-8.324475400536238689e-01,-4.593360660506985438e-01
-4.291876042993267859e-01,6.603652607888238490e-01,2.776039953230560187e-01,1.773219633746443979e-01,-8.339316611058960049e-01,-4.520469646549120091e-01
-4.239913100455279249e-01,6.534403520145409816e-01,2.676964956197365186e-01,1.801666627848236835e-01,-8.318530917148783121e-01,-4.591709814251044297e-01
-4.186441653825889730e-01,6.472719413065548544e-01,2.588922402278748258e-01,1.830278173633679561e-01,-8.301548496016724066e-01,-4.664091845185374119e-01
-4.242361311513249689e-01,6.521296988336290346e-01,2.658244237637363838e-01,1.801471226718822094e-01,-8.312601208369336803e-01,-4.590051615753442116e-01
-4.296817321540444823e-01,6.577373752126511874e-01,2.738418774394486555e-01,1.772787191710953891e-01,-8.327343868528134241e-01,-4.517078092438358561e-01
-4.244812180715218375e-01,6.508205209359896326e-01,2.639553555605806956e-01,1.801272416957765687e-01,-8.306686211671486797e-01,-4.588386064810151543e-01
-4.191295059122506217e-01,6.446582170278869484e-01,2.551682681516938000e-01,1.829925995826240659e-01,-8.289814150789209801e-01,-4.660844483073675049e-01
-4.247265709768335284e-01,6.495128106648471178e-01,2.620892781514858605e-01,1.801070195910869365e-01,-8.300785876276278730e-01,-4.586713164270528886e-01
-4.301769279257507961e-01,6.551155334914305906e-01,2.700919905819554323e-01,1.772341048090628479e-01,-8.315430761985992403e-01,-4.513656992860307082e-01
-4.249721904458008126e-01,6.482065582609171095e-01,2.602261756966490758e-01,1.800864560558408656e-01,-8.294900142089817185e-01,-4.585032914116129454e-01
-4.196159061805762036e-01,6.420502099643199401e-01,2.514560259903300121e-01,1.829560234057513168e-01,-8.278137602626730596e-01,-4.657567859614812900e-01
-4.252180768250255483e-01,6.469017552766659351e-01,2.583660342487026362e-01,1.800655508037058705e-01,-8.289028955120634201e-01,-4.583345315813959764e-01
-4.306731949543927129e-01,6.524996621922823925e-01,2.663542139190036018e-01,1.771881180807234613e-01,-8.303576825169736164e-01,-4.510206358845625929e-01
-4.254642305054252560e-01,6.455983931007717169e-01,2.565088396462114062e-01,1.800443035415106863e-01,-8.283172260813772558e-01,-4.581650370438341557e-01
-4.201033694313558442e-01,6.394478518060170424e-01,2.477554017395326991e-01,1.829180864178863997e-01,-8.266518421679222017e-01,-4.654261981418246763e-01
-4.257106519224764796e-01,6.442964629586285241e-01,2.546545775149713364e-01,1.800227139689712652e-01,-8.277330004058319757e-01,-4.579948078665289080e-01
-4.311705364156157572e-01,6.498896899845831854e-01,2.626284299568160119e-01,1.771407567387531246e-01,-8.291781604322026045e-01,-4.506726201027850265e-01
-4.259573414539818970e-01,6.429959564524387883e-01,2.528032340372525777e-01,1.800007817875964589e-01,-8.271502131611253583e-01,-4.578238441478284515e-01
-4.205918989205494896e-01,6.368510753042321282e-01,2.440662852157893248e-01,1.828787861517730262e-01,-8.254956185621772358e-01,-4.650926853575716446e-01
-4.262042995076811280e-01,6.416968650967427301e-01,2.509547952898079082e-01,1.799785066931376964e-01,-8.265688590009000469e-01,-4.576521459565622285e-01
-4.316689555556338931e-01,6.472855463684685784e-01,2.589145227131717242e-01,1.770920184764072092e-01,-8.280044652346667533e-01,-4.503216528056565027e-01
-4.264515265360815377e-01,6.403991802415869294e-01,2.491092471349436455e-01,1.799558883740650095e-01,-8.259889325227185441e-01,-4.574797133214516531e-01
-4.210814979163437499e-01,6.342598142475747158e-01,2.403885680159556504e-01,1.828381200887398972e-01,-8.243450479491063465e-01,-4.647562479690852677e-01
-4.266990229779556998e-01,6.391028933803627465e-01,2.472665756585947783e-01,1.799329265167799174e-01,-8.254104284058839669e-01,-4.573065462717157970e-01
-4.321684555732918653e-01,6.446871622679819502e-01,2.552123785570237224e-01,1.770419009398144228e-01,-8.268365531427380732e-01,-4.499677347454897336e-01
-4.269467890671343469e-01,6.378079971464613029e-01,2.454267685855675563e-01,1.799096208238479822e-01,-8.248333418548819962e-01,-4.571326449717387774e-01
-4.215721696991963086e-01,6.316740034389402014e-01,2.367221434780228950e-01,1.827960856596575201e-01,-8.232000895526532247e-01,-4.644168861908068990e-01
-4.271948254495487873e-01,6.365144820865455966e-01,2.435898106943894526e-01,1.798859709561216880e-01,-8.242576671608456973e-01,-4.569580092883017697e-01
-4.326690398572292651e-01,6.420944687736450662e-01,2.515218844103701556e-01,1.769904017050642486e-01,-8.256743807319062434e-01,-4.496108663967878227e-01
-4.274431323014269424e-01,6.352223412667825642e-01,2.417556903611854935e-01,1.798619766159021138e-01,-8.236833997537330587e-01,-4.567826394099082643e-01
-4.220639175618945416e-01,6.290935786730985635e-01,2.330669066429997827e-01,1.827526802458666055e-01,-8.220607033015968623e-01,-4.640746000940562666e-01
-4.276917102707420426e-01,6.339315653624240099e-01,2.399243925860488069e-01,1.798376374572046577e-01,-8.231105340167892415e-01,-4.566065351840300490e-01
-4.331707116304475136e-01,6.395073989670925219e-01,2.478429303411786577e-01,1.769375183148765296e-01,-8.245179057490046315e-01,-4.492510482111328751e-01
-4.279405595347398616e-01,6.326421475616157419e-01,2.380959059535263656e-01,1.798129531768592193e-01,-8.225390654657784850e-01,-4.564296967828228579e-01
-4.225567446925584392e-01,6.265184773251702977e-01,2.294227550810488125e-01,1.827079011908759598e-01,-8.209268500828763582e-01,-4.637293896920089975e-01
-4.281896806251825893e-01,6.313540792761997977e-01,2.362702165460455195e-01,1.797879234341157317e-01,-8.219689888442683889e-01,-4.562521241192185606e-01
-4.336734740678167555e-01,6.369258872754709477e-01,2.441754086336089813e-01,1.768832482690044783e-01,-8.233670868132973997e-01,-4.488882805389622366e-01
-4.284390739567296436e-01,6.300673525913382811e-01,2.344473114195628760e-01,1.797625478966976831e-01,-8.214002992110163159e-01,-4.560738171808667030e-01
-4.230506547598995581e-01,6.239486352781712375e-01,2.257895845395541112e-01,1.826617457473155848e-01,-8.197984903853708927e-01,-4.633812545311444819e-01
-4.286887401818493259e-01,6.287819584330228695e-01,2.326271760070710570e-01,1.797368262047932264e-01,-8.208329911297140846e-01,-4.558947757766014797e-01
-4.341773308339380577e-01,6.343498666980524892e-01,2.405192098449580040e-01,1.768275889658533773e-01,-8.222218821776761111e-01,-4.485225632421769304e-01
-4.289386792429272788e-01,6.274978914450201062e-01,2.308098010233949893e-01,1.797107580690393003e-01,-8.202670608205101521e-01,-4.557150002167874026e-01
-4.235456506253116871e-01,6.213839936127795172e-01,2.221672983979592342e-01,1.826142111971031379e-01,-8.186755872347308838e-01,-4.630301945998667179e-01
-4.291888917937205505e-01,6.262151426699352763e-01,2.289951721012952746e-01,1.796843431241064715e-01,-8.197025029296411969e-01,-4.555344902940475227e-01
-4.346822847692877190e-01,6.317792755103708302e-01,2.368742323175629938e-01,1.767705378474998534e-01,-8.210822527061926168e-01,-4.481538966488062825e-01
-4.294393782519829728e-01,6.249337044286970011e-01,2.271832767015400378e-01,1.796575810260252481e-01,-8.191393126835837535e-01,-4.553532459622136042e-01
-4.240417361011026287e-01,6.188244894458133638e-01,2.185557947117922062e-01,1.825652946872259319e-01,-8.175581021676301408e-01,-4.626762090904767422e-01
-4.296901392743244230e-01,6.236535678854697728e-01,2.253741006679392811e-01,1.796304714020806326e-01,-8.185774848171698537e-01,-4.551712669938330902e-01
-4.351883394434832297e-01,6.292140492947941866e-01,2.332403708593675518e-01,1.767120922297718832e-01,-8.199481583239007776e-01,-4.477822804296007209e-01
-4.299411745658190398e-01,6.223747291175971696e-01,2.235676368035410810e-01,1.796030139802846093e-01,-8.180170162355425711e-01,-4.549885538453917189e-01
-4.245389140717197307e-01,6.162700656453161674e-01,2.149549799286047946e-01,1.825149934109956129e-01,-8.164459994805591814e-01,-4.623192977341183951e-01
-4.301924854993952607e-01,6.210971757621925882e-01,2.217638660047529520e-01,1.795752083039583447e-01,-8.174579001590583927e-01,-4.548051057526745211e-01
-4.356954986813965647e-01,6.266541233839787450e-01,2.296175202192491938e-01,1.766522493506572089e-01,-8.188195591098669235e-01,-4.474077139364986966e-01
-4.304440720197710846e-01,6.198209027940927429e-01,2.199627795508996009e-01,1.795470540696400275e-01,-8.169001330399180416e-01,-4.546209229830086573e-01
-4.250371881400925034e-01,6.137206623049668019e-01,2.113647568485359507e-01,1.824633044480321320e-01,-8.153392424989933662e-01,-4.619594596309909429e-01
-4.306959340703553352e-01,6.185459052333324159e-01,2.181643687952852240e-01,1.795185509737605156e-01,-8.163437113592394434e-01,-4.544360058013471870e-01
-4.362037648759740094e-01,6.240994413281603093e-01,2.260055870549659840e-01,1.765910065735503964e-01,-8.176964190167483881e-01,-4.470301974568690606e-01
-4.309480730295671691e-01,6.172721708963689879e-01,2.163686149479733256e-01,1.794896985474098705e-01,-8.157886284702172697e-01,-4.542503534112504737e-01
-4.255365616867310408e-01,6.111762215855225389e-01,2.077850314519893438e-01,1.824102248572261886e-01,-8.142377956880316736e-01,-4.615966939230788935e-01
-4.312004883636131325e-01,6.159996973274585175e-01,2.145755129535282801e-01,1.794604965366750904e-01,-8.152348819832646587e-01,-4.540639664150161181e-01
-4.367131418757521644e-01,6.215499403003603707e-01,2.224044692726159234e-01,1.765283610473927234e-01,-8.165786994313740665e-01,-4.466497300834384454e-01
-4.314531814545867761e-01,6.147284724595724059e-01,2.127850442259409114e-01,1.794309444646103036e-01,-8.146824653380447812e-01,-4.538768439950860989e-01
-4.260370385803149418e-01,6.086366840738438588e-01,2.042157077710531343e-01,1.823557516022777103e-01,-8.131416230709004322e-01,-4.612309992807673287e-01
-4.317061522485250435e-01,6.134584915242357051e-01,2.109972004810587443e-01,1.794010420175403409e-01,-8.141313751657747178e-01,-4.536889863867226147e-01
-4.372236330609773347e-01,6.190055607983020458e-01,2.188140697546674396e-01,1.764643099333049470e-01,-8.154663634501658764e-01,-4.462663111356241497e-01
-4.319594006901485983e-01,6.121897497955935963e-01,2.092119735043027617e-01,1.793707888818185103e-01,-8.135816081247917442e-01,-4.535003938231740306e-01
-4.265386212770820862e-01,6.061019983999094141e-01,2.006567013977345049e-01,1.822998817605275268e-01,-8.120506923725885340e-01,-4.608623752958637132e-01
-4.322129281670905598e-01,6.109222353769795388e-01,2.074293450080650913e-01,1.793401845686123930e-01,-8.130331577814366995e-01,-4.533110654557248598e-01
-4.377352423103779699e-01,6.164662417865593991e-01,2.152342894927659067e-01,1.763988502864862473e-01,-8.143593737445814496e-01,-4.458799394398341165e-01
-4.324667346261890088e-01,6.096559436473694138e-01,2.056493069589300227e-01,1.793092287584154565e-01,-8.124860208698027053e-01,-4.531210015012446246e-01
-4.270413136703066215e-01,6.035721067612367374e-01,1.971079191335016745e-01,1.822426122135585025e-01,-8.109649687672162433e-01,-4.604908204016956441e-01
-4.327208200129595284e-01,6.083908700269000658e-01,2.038718513905575236e-01,1.792779211318282218e-01,-8.119401941500840048e-01,-4.529302021747963480e-01
-4.382479720582761473e-01,6.139319303115312598e-01,2.116650411336358228e-01,1.763319793067974484e-01,-8.132576967449857142e-01,-4.454906148010903122e-01
-4.329751857206032284e-01,6.071270027841595418e-01,2.020969603050695174e-01,1.792462611883290369e-01,-8.113956713117979058e-01,-4.527386665971149249e-01
-4.275451191917820637e-01,6.010469545500652933e-01,1.935692725187259100e-01,1.821839398533486309e-01,-8.098844190322747050e-01,-4.601163332604671363e-01
-4.332298312132305540e-01,6.058643398360600285e-01,2.003246292729508049e-01,1.792142486638822474e-01,-8.108524502183813709e-01,-4.525463953328756617e-01
-4.387618262074504116e-01,6.114025670260754275e-01,2.081062285673314083e-01,1.762636939668420499e-01,-8.121612963257122120e-01,-4.450983358054870220e-01
-4.334847578877703000e-01,6.046028695586205259e-01,1.985548404848240800e-01,1.791818830502798221e-01,-8.103105246395908567e-01,-4.523533874827726509e-01
-4.280500417659149903e-01,5.985264855356887681e-01,1.900406710698636648e-01,1.821238614742678730e-01,-8.088090094768523031e-01,-4.597389120601487744e-01
-4.337399656924096902e-01,6.033425875662640214e-01,1.967875863076098408e-01,1.791491640187686252e-01,-8.097698914738586939e-01,-4.521596432343581995e-01
-4.392768081883726694e-01,6.088780958150190603e-01,2.045577604948787265e-01,1.761939912598390889e-01,-8.110701379997307114e-01,-4.447031012860936383e-01
-4.339954545740116743e-01,6.020834895122748609e-01,1.950228591713698556e-01,1.791160912408252814e-01,-8.092305476441108425e-01,-4.519651627737008015e-01
-4.285560834114967577e-01,5.960106537961795681e-01,1.865220389706188087e-01,1.820623740621561126e-01,-8.077387110210021426e-01,-4.593585563141338590e-01
-4.342512254494454993e-01,6.008255663160423365e-01,1.932606448847160596e-01,1.790826642606413166e-01,-8.086924880576661367e-01,-4.517699455430926325e-01
-4.397929219344760554e-01,6.063584589775158351e-01,2.010195436447503869e-01,1.761228680707490335e-01,-8.099841868259176625e-01,-4.443049095806075321e-01
-4.345072797247420127e-01,5.995688065687946322e-01,1.915009260188145213e-01,1.790488825528624983e-01,-8.081557066477297324e-01,-4.515739905997016024e-01
-4.290632495201007757e-01,5.934993974275412087e-01,1.830132782854700935e-01,1.819994741578675468e-01,-8.066734879965079541e-01,-4.589752629027736286e-01
-4.347636158905574533e-01,5.983132132164764583e-01,1.897437052576003147e-01,1.790147459750872638e-01,-8.076202034906156957e-01,-4.513772992265177031e-01
-4.403101694308046987e-01,6.038436091535390737e-01,1.974914995075800483e-01,1.760503215178122749e-01,-8.089034125376294293e-01,-4.439037604296737216e-01
-4.350202353534697863e-01,5.970587749382667564e-01,1.879889653217565737e-01,1.789802539985569374e-01,-8.070859725809556018e-01,-4.511798704698010143e-01
-4.295715426163635442e-01,5.909926695745504333e-01,1.795143123630245086e-01,1.819351586130858456e-01,-8.056133113517141009e-01,-4.585890307603122107e-01
-4.352771395251746611e-01,5.958054804763635026e-01,1.862366890479301151e-01,1.789454060867707030e-01,-8.065530079653514539e-01,-4.509817033578481515e-01
-4.408285561093148175e-01,6.013334830418817223e-01,1.939735274492284667e-01,1.759763482007407620e-01,-8.078277782332691226e-01,-4.434996508015467964e-01
-4.355343268923146383e-01,5.945533328868617406e-01,1.844868792984695194e-01,1.789102020983869834e-01,-8.060213097891123502e-01,-4.507827991701502390e-01
-4.300809652295392027e-01,5.884904240538507691e-01,1.760250656945760994e-01,1.818694242529841354e-01,-8.045581525047666993e-01,-4.581998587362986486e-01
-4.357917988671360376e-01,5.933023209972000389e-01,1.827395190549192527e-01,1.788746414936292495e-01,-8.054908721583922127e-01,-4.505831569244538315e-01
-4.413480844709596340e-01,5.988280324183654635e-01,1.904655482292250124e-01,1.759009450929490959e-01,-8.067572537098768315e-01,-4.430925798355435652e-01
-4.360495568670277322e-01,5.920524336961817680e-01,1.809945914119956978e-01,1.788387237250214923e-01,-8.049616892302005056e-01,-4.503827756207043898e-01
-4.305915228035459563e-01,5.859926011321296979e-01,1.725454441079183887e-01,1.818022674905158120e-01,-8.035079773695089633e-01,-4.578077433565717058e-01
-4.363075993746043935e-01,5.908036741463951191e-01,1.792520994041981730e-01,1.788024486524922019e-01,-8.044337612162838491e-01,-4.501816565354297972e-01
-4.418687570209165472e-01,5.963272097624278123e-01,1.869674838026105235e-01,1.758241091413973722e-01,-8.056918092555930277e-01,-4.426825465853339581e-01
-4.365659278078144467e-01,5.895560313192808044e-01,1.775120262667018167e-01,1.787658157254124747e-01,-8.039070823314029557e-01,-4.499797986583637943e-01
-4.311032169241126866e-01,5.834991607329634844e-01,1.690753810518672573e-01,1.817336852070484399e-01,-8.024627603398398756e-01,-4.574126840090226298e-01
-4.368245426076153848e-01,5.883094989753105963e-01,1.757743619361140652e-01,1.787288245265834241e-01,-8.033816488320855154e-01,-4.497772017319925930e-01
-4.423905792427973438e-01,5.938309540438329037e-01,1.834792374638314350e-01,1.757458368175871533e-01,-8.046314096169578933e-01,-4.422695476610419840e-01
-4.370834451990344149e-01,5.870640661922459369e-01,1.740390898401802389e-01,1.786914744941505984e-01,-8.028574550180892500e-01,-4.495738647192337734e-01
-4.316160530703960774e-01,5.810100444998149705e-01,1.656147847434328302e-01,1.816636737333390539e-01,-8.014224683359542079e-01,-4.570146769920190311e-01
-4.373426340592931894e-01,5.858197362692415533e-01,1.723062132336381502e-01,1.786537654900547389e-01,-8.023345011859460696e-01,-4.493697888934661822e-01
-4.429135526762841835e-01,5.913392239091400659e-01,1.800007402461385464e-01,1.756661251457611039e-01,-8.035760281190575949e-01,-4.418535826922997956e-01
-4.376021106139837968e-01,5.845764983633783274e-01,1.705757156790363993e-01,1.786156969494502311e-01,-8.018127816908728889e-01,-4.491649732078364377e-01
-4.321300338227285209e-01,5.785252089283782206e-01,1.621635842896942403e-01,1.815922297544653730e-01,-8.003870747042745037e-01,-4.566137207503645490e-01
-4.378618762938941700e-01,5.833343416894481992e-01,1.688475808459339866e-01,1.785772682998852667e-01,-8.012922909364837976e-01,-4.489594165980522189e-01
-4.434376828397557091e-01,5.888519597677176476e-01,1.765318979364782770e-01,1.755849705151502627e-01,-8.025256305559820280e-01,-4.414346480596928468e-01
-4.381219295721852092e-01,5.820932696451409649e-01,1.671218121475785967e-01,1.785384794050423607e-01,-8.007730292801735761e-01,-4.487531203357098541e-01
