num_layers: 30
num_baselayers: 0
line_resolution: 0.1
baselayer_thickness: 0
point_distance: 0.5
dh_max: 2.672696975695582
dh_min: 1.4809648809332148
smooth_filter: False
q_positioner_seed: 
  - -2.716233516185387886e-01
  - 0




