num_layers: 107
num_baselayers: 0
line_resolution: 0.1
baselayer_thickness: 4
point_distance: 3.141592653589793
dh_max: 1.859
dh_min: 1.486
point_of_rotation: 224.18877628928837 
layer_angle: 0.4274304797617897
tube_diameter: 50
smooth_filter: False
q_positioner_seed: 
  - -0.261799387799149
  - 4.833336940642538160




