c0: 264.3815549822761
f: 50
fsx: 4866.320283415172
fsy: 4828.658559183389
height: 512
r0: 316.2614719783086
width: 640
