1.721746060951910573e-02,1.820264758986642306e+00
1.721119644225829748e-02,1.820235925313402392e+00
1.720768850124508587e-02,1.820208947028307378e+00
1.720490630868687712e-02,1.820182536199915324e+00
1.720226123555069001e-02,1.820156297708871884e+00
1.719959633058959145e-02,1.820130109413466313e+00
1.719688052126103553e-02,1.820103933078919489e+00
1.719411687724126808e-02,1.820077756559968840e+00
1.719131572273070382e-02,1.820051576024733109e+00
1.718848723465580056e-02,1.820025390416041500e+00
1.718563977905031639e-02,1.819999199678537405e+00
1.718277984741335002e-02,1.819973004154969098e+00
1.717991236865056004e-02,1.819946804358572034e+00
1.717704105298325373e-02,1.819920600873973893e+00
1.717416868303557956e-02,1.819894394304768515e+00
1.717129734179098990e-02,1.819868185247725423e+00
1.716842858738816188e-02,1.819841974273203711e+00
1.716556358476097055e-02,1.819815761917419339e+00
1.716270320380986272e-02,1.819789548674533020e+00
1.715984809373934453e-02,1.819763334998067306e+00
1.715699873959107558e-02,1.819737121298618643e+00
1.715415550260338678e-02,1.819710907946234579e+00
1.715131865218386814e-02,1.819684695271619912e+00
1.714848838883917259e-02,1.819658483570193219e+00
1.714566486156946304e-02,1.819632273105227460e+00
1.714284818152031487e-02,1.819606064108993726e+00
1.714003843133966171e-02,1.819579856787157723e+00
1.713723567245237223e-02,1.819553651321206278e+00
1.713443995040753176e-02,1.819527447871301273e+00
1.713165129907770479e-02,1.819501246577774900e+00
1.712886974403979995e-02,1.819475047565489945e+00
1.712609530426209212e-02,1.819448850942129381e+00
1.712332799419624685e-02,1.819422656803507232e+00
1.712056782482737627e-02,1.819396465233340532e+00
1.711781480451629242e-02,1.819370276305022571e+00
1.711506893994660730e-02,1.819344090083105714e+00
1.711233023632302910e-02,1.819317906623881820e+00
1.710959869835699740e-02,1.819291725978263274e+00
1.710687432959282980e-02,1.819265548188821358e+00
1.710415713328489878e-02,1.819239373293962903e+00
1.710144711210529606e-02,1.819213201328226281e+00
1.709874426911329320e-02,1.819187032320913833e+00
1.709604860696183060e-02,1.819160866298129786e+00
1.709336012828708076e-02,1.819134703283511012e+00
1.709067883521823983e-02,1.819108543297001557e+00
1.708800473033030357e-02,1.819082386357422143e+00
1.708533781642125951e-02,1.819056232480918522e+00
1.708267809583323762e-02,1.819030081681728639e+00
1.708002557087920370e-02,1.819003933972406895e+00
1.707738024427466958e-02,1.818977789365274544e+00
1.707474211833595601e-02,1.818951647870058475e+00
1.707211119558403600e-02,1.818925509496670756e+00
1.706948747893891755e-02,1.818899374252965107e+00
1.706687097073547599e-02,1.818873242146767044e+00
1.706426167381666636e-02,1.818847113186221387e+00
1.706165959099008658e-02,1.818820987375915577e+00
1.705906472454611633e-02,1.818794864723023208e+00
1.705647707756985376e-02,1.818768745232015371e+00
1.705389665257817794e-02,1.818742628909531867e+00
1.705132345250513076e-02,1.818716515759315921e+00
1.704875747981412365e-02,1.818690405785986730e+00
1.704619873752760695e-02,1.818664298993331929e+00
1.704364722804304136e-02,1.818638195386445000e+00
1.704110295450484217e-02,1.818612094968242499e+00
1.703856591953854457e-02,1.818585997742476312e+00
1.703603612602953496e-02,1.818559903712820391e+00
1.703351357678085584e-02,1.818533812883077472e+00
1.703099827466168434e-02,1.818507725255707808e+00
1.702849022238229343e-02,1.818481640834408442e+00
1.702598942251532660e-02,1.818455559622196738e+00
1.702349587831868474e-02,1.818429481621596899e+00
1.702100959259414750e-02,1.818403406835814362e+00
1.701853056800060535e-02,1.818377335268053452e+00
1.701605880738630075e-02,1.818351266920741560e+00
1.701359431383789311e-02,1.818325201796880508e+00
1.701113708999219334e-02,1.818299139899104633e+00
1.700868713857698472e-02,1.818273081230264543e+00
1.700624446281291322e-02,1.818247025793151783e+00
1.700380906489443178e-02,1.818220973589925737e+00
1.700138094864358379e-02,1.818194924623672826e+00
1.699896011610181959e-02,1.818168878896436746e+00
1.699654657044076533e-02,1.818142836412040664e+00
1.699414031449914333e-02,1.818116797171803967e+00
1.699174135121433657e-02,1.818090761178265069e+00
1.698934968322972708e-02,1.818064728434688249e+00
1.698696531344562680e-02,1.818038698944609788e+00
1.698458824482979371e-02,1.818012672708662292e+00
1.698221848045846846e-02,1.817986649730697790e+00
1.697985602307771832e-02,1.817960630012347201e+00
1.697750087535791069e-02,1.817934613556581258e+00
1.697515304030119618e-02,1.817908600365924388e+00
1.697281252065038423e-02,1.817882590442803314e+00
1.697047931969614468e-02,1.817856583789988711e+00
1.696815343958084712e-02,1.817830580409637076e+00
1.696583488388429123e-02,1.817804580304224427e+00
1.696352365549301175e-02,1.817778583476856502e+00
1.696121975691500944e-02,1.817752589929650275e+00
1.695892319113608687e-02,1.817726599665041798e+00
1.695663396112130281e-02,1.817700612685583694e+00
1.695435206956886695e-02,1.817674628993733110e+00
1.695207751999816201e-02,1.817648648592236960e+00
1.694981031464513899e-02,1.817622671483272390e+00
1.694755045678671829e-02,1.817596697669172645e+00
1.694529794933799516e-02,1.817570727153405841e+00
1.694305279454009702e-02,1.817544759937773202e+00
1.694081499582958741e-02,1.817518796025016981e+00
1.693858455594725310e-02,1.817492835416796515e+00
1.693636147802001293e-02,1.817466878116212214e+00
1.693414576482315387e-02,1.817440924125885315e+00
1.693193741927436630e-02,1.817414973448484794e+00
1.692973644449780393e-02,1.817389026085724391e+00
1.692754284308918208e-02,1.817363082041017819e+00
1.692535661784471887e-02,1.817337141315623184e+00
1.692317777188396058e-02,1.817311203912575612e+00
1.692100630838586778e-02,1.817285269835221317e+00
1.691884222993739542e-02,1.817259339085035119e+00
1.691668553968236899e-02,1.817233411664626264e+00
1.173093670062044444e-02,1.812437488083761483e+00
1.173201075504630778e-02,1.812352882269446352e+00
1.173495624984153066e-02,1.812277594664520652e+00
1.173795043915166689e-02,1.812209327528956138e+00
1.174054743260483785e-02,1.812146827873154509e+00
1.174269667633196824e-02,1.812089235172023027e+00
1.174444935434398353e-02,1.812035872393131797e+00
1.174587321185882778e-02,1.811986173602290418e+00
1.174702990168303637e-02,1.811939654428980306e+00
1.174797060718124619e-02,1.811895896642045090e+00
1.174873664064890640e-02,1.811854537911363083e+00
1.174936110842141578e-02,1.811815263917154306e+00
1.174987055000666601e-02,1.811777801817340938e+00
1.175028631468292249e-02,1.811741914694155353e+00
1.175062565615060846e-02,1.811707396777192836e+00
1.175090258538228141e-02,1.811674069316641988e+00
1.175112854059159016e-02,1.811641777015682520e+00
1.175131290538185096e-02,1.811610384934602802e+00
1.175146341682436167e-02,1.811579775813205506e+00
1.175158648297467204e-02,1.811549847745303810e+00
1.175168743707377325e-02,1.811520512160329055e+00
1.175177073451127117e-02,1.811491692075930526e+00
1.175184011457500524e-02,1.811463320577381797e+00
1.175189872496276364e-02,1.811435339497809771e+00
1.175194922591000536e-02,1.811407698274252631e+00
1.175199387141236118e-02,1.811380352950888728e+00
1.175203457794086158e-02,1.811353265316333561e+00
1.175207297817650390e-02,1.811326402150039483e+00
1.175211046674608066e-02,1.811299734571752085e+00
1.175214823711936106e-02,1.811273237474773756e+00
1.175218731297455500e-02,1.811246889030390772e+00
1.175222857304402194e-02,1.811220670261205479e+00
3.308484729531202539e-02,1.774007603407361966e+00
3.307488935985459372e-02,1.774034618199932689e+00
3.306780532109928478e-02,1.774056468561945543e+00
3.306169492826974143e-02,1.774072758901518609e+00
3.305596620634179694e-02,1.774083875568128077e+00
3.305043475878666898e-02,1.774090385407641746e+00
3.304504148375459610e-02,1.774092854594059299e+00
3.303976474501383459e-02,1.774091798892160732e+00
3.303459350406064837e-02,1.774087674436713113e+00
3.302951941495786692e-02,1.774080880453655640e+00
3.302453472325828088e-02,1.774071765041162374e+00
3.301963186331480921e-02,1.774060631282346812e+00
3.301480350152610765e-02,1.774047742912441716e+00
3.301004265310337332e-02,1.774033329366900835e+00
3.300534277872674283e-02,1.774017590213288642e+00
3.300069784000744105e-02,1.774000699023672967e+00
3.299610232362398810e-02,1.773982806751302821e+00
3.299155123961033942e-02,1.773964044669775530e+00
3.298704010383916863e-02,1.773944526932290877e+00
3.298256490891404713e-02,1.773924352802945803e+00
3.297812209134476369e-02,1.773903608593339065e+00
3.297370849275738786e-02,1.773882369351003963e+00
3.296932132385326647e-02,1.773860700327424711e+00
3.296495812798392461e-02,1.773838658255449952e+00
3.296061674493335619e-02,1.773816292461454669e+00
3.295629527972764039e-02,1.773793645828092735e+00
3.295199207236571004e-02,1.773770755639129781e+00
3.294770567095535452e-02,1.773747654307795685e+00
3.294343480654794015e-02,1.773724370013960216e+00
3.293917837153533673e-02,1.773700927254157955e+00
3.293493540016394910e-02,1.773677347326673814e+00
3.293070505027120148e-02,1.773653648745791234e+00
5.390445384896318942e-02,1.736655443481039507e+00
5.389087969995044053e-02,1.736683762785329321e+00
5.388002768724881736e-02,1.736706938913029408e+00
5.387014676896732801e-02,1.736724583654261966e+00
5.386066985429645293e-02,1.736737071687098899e+00
5.385141201682358547e-02,1.736744961998557546e+00
5.384231023745588568e-02,1.736748817213020546e+00
5.383333952548626650e-02,1.736749151832739591e+00
5.382448631180055537e-02,1.736746421682388908e+00
5.381574029225760780e-02,1.736741026003047805e+00
5.380709212762022770e-02,1.736733312967357890e+00
5.379853293185715007e-02,1.736723585708212170e+00
5.379005425092805298e-02,1.736712107959198725e+00
5.378164814313762809e-02,1.736699109102704419e+00
5.377330724907980475e-02,1.736684788612332664e+00
5.376502482780782383e-02,1.736669319935862044e+00
5.375679476332440726e-02,1.736652853878692726e+00
5.374861154980379446e-02,1.736635521552271300e+00
5.374047025992963883e-02,1.736617436938994841e+00
5.373236650671885800e-02,1.736598699129053403e+00
5.372429640067065415e-02,1.736579394259521347e+00
5.371625650461733098e-02,1.736559597207474326e+00
5.370824378908468921e-02,1.736539373058726410e+00
5.370025559059835030e-02,1.736518778388181916e+00
5.369228957232262400e-02,1.736497862370263823e+00
5.368434368669315615e-02,1.736476667748019009e+00
5.367641614245493437e-02,1.736455231670827049e+00
5.366850537456074877e-02,1.736433586428630216e+00
5.366061001666358465e-02,1.736411760086972178e+00
5.365272887731313556e-02,1.736389777037242954e+00
5.364486091773999765e-02,1.736367658479434306e+00
5.363700523337794346e-02,1.736345422838795338e+00
7.407257137707495831e-02,1.699413734324360492e+00
7.405603845657446338e-02,1.699443995463866708e+00
7.404201387916020671e-02,1.699469091576920166e+00
7.402893546028452287e-02,1.699488672528467026e+00
7.401627605546412525e-02,1.699503110917946591e+00
7.400385514832893974e-02,1.699512960535961570e+00
7.399160715081752604e-02,1.699518781060897599e+00
7.397950396190206002e-02,1.699521085801954934e+00
7.396752945339885033e-02,1.699520330234410626e+00
7.395567131345726075e-02,1.699516913555418007e+00
7.394391860360711999e-02,1.699511183964493632e+00
7.393226113527645582e-02,1.699503444593343460e+00
7.392068937740693679e-02,1.699493959125699671e+00
7.390919448985407147e-02,1.699482956845809190e+00
7.389776835964695367e-02,1.699470637089907532e+00
7.388640361171718018e-02,1.699457173136524668e+00
7.387509359517104024e-02,1.699442715602599963e+00
7.386383235225914279e-02,1.699427395397669738e+00
7.385261457408251462e-02,1.699411326298683855e+00
7.384143555015389160e-02,1.699394607187542094e+00
7.383029111630169672e-02,1.699377323997205869e+00
7.381917760178148546e-02,1.699359551406043112e+00
7.380809177852123981e-02,1.699341354309916952e+00
7.379703081434035861e-02,1.699322789102569509e+00
7.378599222712443895e-02,1.699303904787597963e+00
7.377497384618061926e-02,1.699284743947266030e+00
7.376397377482632467e-02,1.699265343582020193e+00
7.375299035728122288e-02,1.699245735843249561e+00
7.374202214948175071e-02,1.699225948667574038e+00
7.373106789308923881e-02,1.699206006329155416e+00
7.372012649220327507e-02,1.699185929920226990e+00
7.370919699312286633e-02,1.699165737767379447e+00
9.345071919209439748e-02,1.662178263185357885e+00
9.343182017086242019e-02,1.662211046635660772e+00
9.341516964318451188e-02,1.662238607611627339e+00
9.339941934757872710e-02,1.662260657986645684e+00
9.338409452508823760e-02,1.662277577086144653e+00
9.336902399305802014e-02,1.662289916320247141e+00
9.335414126909459542e-02,1.662298233164590577e+00
9.333941562952843829e-02,1.662303039838567642e+00
9.332482851552997838e-02,1.662304791399596970e+00
9.331036565916721315e-02,1.662303886908378603e+00
9.329601457836099454e-02,1.662300674494618047e+00
9.328176385774052115e-02,1.662295457204548965e+00
9.326760298123359938e-02,1.662288498593858410e+00
9.325352230979168378e-02,1.662280027780250080e+00
9.323951307750244499e-02,1.662270243894412580e+00
9.322556737424982087e-02,1.662259319989342066e+00
9.321167810858115021e-02,1.662247406440445108e+00
9.319783895822009168e-02,1.662234633909731807e+00
9.318404431239700469e-02,1.662221115926180826e+00
9.317028920905782996e-02,1.662206951125995369e+00
9.315656927431351098e-02,1.662192225204707219e+00
9.314288066202808247e-02,1.662177012613540228e+00
9.312921999724262101e-02,1.662161378032239512e+00
9.311558432349338610e-02,1.662145377650015243e+00
9.310197105478310031e-02,1.662129060279958548e+00
9.308837793205253230e-02,1.662112468326417236e+00
9.307480298354073311e-02,1.662095638626314598e+00
9.306124448988711828e-02,1.662078603177403968e+00
9.304770095339839897e-02,1.662061389778349385e+00
9.303417106948325133e-02,1.662044022575376312e+00
9.302065370274545386e-02,1.662026522542891849e+00
9.300714786568778369e-02,1.662008907901563193e+00
1.119272809610348113e-01,1.624862593699391455e+00
1.119065192749837817e-01,1.624898422737842907e+00
1.118877176450722710e-01,1.624928942723360858e+00
1.118697523275569844e-01,1.624953944708864340e+00
1.118522098891073374e-01,1.624973822567902459e+00
1.118349329242754320e-01,1.624989128335460498e+00
1.118178558886952084e-01,1.625000418289986426e+00
1.118009461312201441e-01,1.625008203839696019e+00
1.117841829409102206e-01,1.625012939667243694e+00
1.117675502455685865e-01,1.625015024666452312e+00
1.117510341487504277e-01,1.625014806855113125e+00
1.117346221383191812e-01,1.625012589151236808e+00
1.117183028474444950e-01,1.625008634943188923e+00
1.117020659728534399e-01,1.625003173142064439e+00
1.116859022277644081e-01,1.624996402645444649e+00
1.116698032905329152e-01,1.624988496250084458e+00
1.116537617433091684e-01,1.624979604064778149e+00
1.116377710044932636e-01,1.624969856483734043e+00
1.116218252548035056e-01,1.624959366766560498e+00
1.116059193661004811e-01,1.624948233289822630e+00
1.115900488297067172e-01,1.624936541498444686e+00
1.115742096906679609e-01,1.624924365604007770e+00
1.115583984856305805e-01,1.624911770060640581e+00
1.115426121856149394e-01,1.624898810845601060e+00
1.115268481458694672e-01,1.624885536575617628e+00
1.115111040579455093e-01,1.624871989471619482e+00
1.114953779101957310e-01,1.624858206200737065e+00
1.114796679493810366e-01,1.624844218606571467e+00
1.114639726500840228e-01,1.624830054344564623e+00
1.114482906842074461e-01,1.624815737430264972e+00
1.114326208970687765e-01,1.624801288720655768e+00
1.114169622847466651e-01,1.624786726327926312e+00
1.294189856401402050e-01,1.587399249911458643e+00
1.293967631296802923e-01,1.587438583648887791e+00
1.293762007722423224e-01,1.587472498832855017e+00
1.293563970050922163e-01,1.587500876782311332e+00
1.293370046971767107e-01,1.587524132553294054e+00
1.293178837549442683e-01,1.587542821841474883e+00
1.292989713677882846e-01,1.587557500950049549e+00
1.292802337913512289e-01,1.587568680922233577e+00
1.292616485774442381e-01,1.587576816215518383e+00
1.292431981048720036e-01,1.587582305599483101e+00
1.292248672640063101e-01,1.587585496988916045e+00
1.292066426316332006e-01,1.587586693170691010e+00
1.291885121663715053e-01,1.587586157364768491e+00
1.291704650683636879e-01,1.587584118273912326e+00
1.291524916861873928e-01,1.587580774559378183e+00
1.291345834316239838e-01,1.587576298764201699e+00
1.291167326925004022e-01,1.587570840733605992e+00
1.290989327452545798e-01,1.587564530592421974e+00
1.290811776694411883e-01,1.587557481339647580e+00
1.290634622634866668e-01,1.587549791095615781e+00
1.290457819669185158e-01,1.587541545058625658e+00
1.290281327886928786e-01,1.587532817207911062e+00
1.290105112406831067e-01,1.587523671778759971e+00
1.289929142772956727e-01,1.587514164542660255e+00
1.289753392428060752e-01,1.587504343925167261e+00
1.289577838223477657e-01,1.587494251970169579e+00
1.289402460010161955e-01,1.587483925183512445e+00
1.289227240244992245e-01,1.587473395259339393e+00
1.289052163665719841e-01,1.587462689715055442e+00
1.288877217003744358e-01,1.587451832442590138e+00
1.288702388726445935e-01,1.587440844185073585e+00
1.288527668807626092e-01,1.587429742950966283e+00
1.458703622320860760e-01,1.549739196327303725e+00
1.458469767600855671e-01,1.549782428890440045e+00
1.458249555273420095e-01,1.549820115649434005e+00
1.458036062699384627e-01,1.549852234468784173e+00
1.457826491252898204e-01,1.549879227033614137e+00
1.457619636195191248e-01,1.549901655654006172e+00
1.457414912359092374e-01,1.549920078024725978e+00
1.457211980250005812e-01,1.549935005411899214e+00
1.457010603208261368e-01,1.549946892296616641e+00
1.456810593036970414e-01,1.549956137436830250e+00
1.456611789247213018e-01,1.549963088702032810e+00
1.456414050883217681e-01,1.549968048789707842e+00
1.456217252938811491e-01,1.549971280780821470e+00
1.456021284422309992e-01,1.549973013200167227e+00
1.455826046968287657e-01,1.549973444501697495e+00
1.455631453641698381e-01,1.549972747000208040e+00
1.455437427828478458e-01,1.549971070304295928e+00
1.455243902170755277e-01,1.549968544299913598e+00
1.455050817575051225e-01,1.549965281746648937e+00
1.454858122299383383e-01,1.549961380533210198e+00
1.454665771101895932e-01,1.549956925638314997e+00
1.454473724473504814e-01,1.549951990829030013e+00
1.454281947948778964e-01,1.549946640141626419e+00
1.454090411492467982e-01,1.549940929163519332e+00
1.453899088944035634e-01,1.549934906147309333e+00
1.453707957530862294e-01,1.549928612978627385e+00
1.453516997445595538e-01,1.549922086015457889e+00
1.453326191461875305e-01,1.549915356817463508e+00
1.453135524605907170e-01,1.549908452780030865e+00
1.452944983865102346e-01,1.549901397682497350e+00
1.452754557934385071e-01,1.549894212165553897e+00
1.452564236995532998e-01,1.549886914145805594e+00
1.612517312815216763e-01,1.511850107872088511e+00
1.612273819972396549e-01,1.511897572095040720e+00
1.612041180370628046e-01,1.511939349170816405e+00
1.611814356719606656e-01,1.511975516550811083e+00
1.611591195633613749e-01,1.512006546991959244e+00
1.611370697690930887e-01,1.512033012217275152e+00
1.611152332268388776e-01,1.512055472758706776e+00
1.610935766317075357e-01,1.512074440800316388e+00
1.610720756860738456e-01,1.512090371177662984e+00
1.610507108002321164e-01,1.512103662809528348e+00
1.610294653273160181e-01,1.512114663624119837e+00
1.610083247864735057e-01,1.512123676303025022e+00
1.609872764706480608e-01,1.512130963852607701e+00
1.609663092047036725e-01,1.512136754678139683e+00
1.609454131652949538e-01,1.512141247079725748e+00
1.609245797300147551e-01,1.512144613198466381e+00
1.609038013420772129e-01,1.512147002454696354e+00
1.608830713887960118e-01,1.512148544540891981e+00
1.608623840925006154e-01,1.512149352024932281e+00
1.608417344091747914e-01,1.512149522606275776e+00
1.608211179410441727e-01,1.512149141081260639e+00
1.608005308566984592e-01,1.512148281044802811e+00
1.607799698197550919e-01,1.512147006368826707e+00
1.607594319271307970e-01,1.512145372487517569e+00
1.607389146537495095e-01,1.512143427510866500e+00
1.607184158044090982e-01,1.512141213191900535e+00
1.606979334708657781e-01,1.512138765767411019e+00
1.606774659958930263e-01,1.512136116685835363e+00
1.606570119392824736e-01,1.512133293239953380e+00
1.606365700504495675e-01,1.512130319116427035e+00
1.606161392435405399e-01,1.512127214871588743e+00
1.605957185752767413e-01,1.512123998344728548e+00
1.755563050795182489e-01,1.473713859705870322e+00
1.755311028362393500e-01,1.473765833591998753e+00
1.755067342829083610e-01,1.473811966853968425e+00
1.754828580780076197e-01,1.473852437936602255e+00
1.754593174905783315e-01,1.473887754408686801e+00
1.754360326091683742e-01,1.473918500032904477e+00
1.754129564821424736e-01,1.473945239644427030e+00
1.753900571838590272e-01,1.473968487103330949e+00
1.753673103928366228e-01,1.473988697991902130e+00
1.753446962348676474e-01,1.474006271607374075e+00
1.753221978614453447e-01,1.474021556077366402e+00
1.752998007394411806e-01,1.474034854173631004e+00
1.752774922394194357e-01,1.474046428918586615e+00
1.752552613564211936e-01,1.474056508678593280e+00
1.752330984943940573e-01,1.474065291678952505e+00
1.752109952871349907e-01,1.474072949958649570e+00
1.751889444448685162e-01,1.474079632820410435e+00
1.751669396190017602e-01,1.474085469831035056e+00
1.751449752837700713e-01,1.474090573426600770e+00
1.751230466318448586e-01,1.474095041176828325e+00
1.751011494831763438e-01,1.474098957749684136e+00
1.750792802040077867e-01,1.474102396616591815e+00
1.750574356364338890e-01,1.474105421532773352e+00
1.750356130374413066e-01,1.474108087822614044e+00
1.750138100239742034e-01,1.474110443492552269e+00
1.749920245265854379e-01,1.474112530199908733e+00
1.749702547486191584e-01,1.474114384092817476e+00
1.749484991301531178e-01,1.474116036538630548e+00
1.749267563168912798e-01,1.474117514754636371e+00
1.749050251335762807e-01,1.474118842359442239e+00
1.748833045599515468e-01,1.474120039847255148e+00
1.748615937103770168e-01,1.474121125000695365e+00
1.887968809984009178e-01,1.435323630139233364e+00
1.887708617109621068e-01,1.435380344565756472e+00
1.887454594170509259e-01,1.435431053069978091e+00
1.887204656966484373e-01,1.435476036320576299e+00
1.886957739843630744e-01,1.435515840085167971e+00
1.886713225999679666e-01,1.435551062645859188e+00
1.886470708235164495e-01,1.435582274586952423e+00
1.886229886747059492e-01,1.435609992224597953e+00
1.885990524004607649e-01,1.435634672312273930e+00
1.885752423613168693e-01,1.435656714774587339e+00
1.885515419439663665e-01,1.435676468103491255e+00
1.885279369310249864e-01,1.435694235290236209e+00
1.885044150816647945e-01,1.435710279484261331e+00
1.884809658252722120e-01,1.435724829116340695e+00
1.884575800183511674e-01,1.435738082432427509e+00
1.884342497451932663e-01,1.435750211462730297e+00
1.884109681481066778e-01,1.435761365478549267e+00
1.883877292847604967e-01,1.435771674001172560e+00
1.883645280043980408e-01,1.435781249412830585e+00
1.883413598416553147e-01,1.435790189224828817e+00
1.883182209248603078e-01,1.435798578043901985e+00
1.882951078961676294e-01,1.435806489279550124e+00
1.882720178440089320e-01,1.435813986627579641e+00
1.882489482427494587e-01,1.435821125353132111e+00
1.882258969015900285e-01,1.435827953407464053e+00
1.882028619204314801e-01,1.435834512396177320e+00
1.881798416510317429e-01,1.435840838418494636e+00
1.881568346632656319e-01,1.435846962795798598e+00
1.881338397166336940e-01,1.435852912704112638e+00
1.881108557348475097e-01,1.435858711722332481e+00
1.880878817841054040e-01,1.435864380309464838e+00
1.880649170543274018e-01,1.435869936216097154e+00
2.010024869749546528e-01,1.396680931634688427e+00
2.009756261887543916e-01,1.396742578148200797e+00
2.009492060054350049e-01,1.396798040478654634e+00
2.009231196548909026e-01,1.396847703803023810e+00
2.008973004338629187e-01,1.396892155484009246e+00
2.008717020053046587e-01,1.396932010701282367e+00
2.008462894969391677e-01,1.396967847178213207e+00
2.008210352536234644e-01,1.397000184453929927e+00
2.007959166387083549e-01,1.397029480880828789e+00
2.007709147767940405e-01,1.397056137269845344e+00
2.007460137542476097e-01,1.397080502660318801e+00
2.007212000603920687e-01,1.397102880405892478e+00
2.006964621728841158e-01,1.397123533910538340e+00
2.006717902321275004e-01,1.397142691788121560e+00
2.006471757807531953e-01,1.397160552416944812e+00
2.006226115498360163e-01,1.397177287922710898e+00
2.005980912820929662e-01,1.397193047647040665e+00
2.005736095836145871e-01,1.397207961160283896e+00
2.005491618007576582e-01,1.397222140880432617e+00
2.005247439137096133e-01,1.397235684341669781e+00
2.005003524480473698e-01,1.397248676165939729e+00
2.004759843992011958e-01,1.397261189773268519e+00
2.004516371670181929e-01,1.397273288864085083e+00
2.004273085001412047e-01,1.397285028704654763e+00
2.004029964491841065e-01,1.397296457246674839e+00
2.003786993246411408e-01,1.397307616092124949e+00
2.003544156629910034e-01,1.397318541336904918e+00
2.003301441955569195e-01,1.397329264298147411e+00
2.003058838220079796e-01,1.397339812146422888e+00
2.002816335891293986e-01,1.397350208457008192e+00
2.002573926697455986e-01,1.397360473683214810e+00
2.002331603465856147e-01,1.397370625570823588e+00
2.122152149380553132e-01,1.357792787887454278e+00
2.121874423977573310e-01,1.357859525812996404e+00
2.121599778919580070e-01,1.357919885995032772e+00
2.121327842090192373e-01,1.357974362469949847e+00
2.121058229401487916e-01,1.358023587903644858e+00
2.120790593809358526e-01,1.358068196700713992e+00
2.120524637058740780e-01,1.358108775033502802e+00
2.120260107876438815e-01,1.358145846379707811e+00
2.119996795978778825e-01,1.358179871097281444e+00
2.119734525483904508e-01,1.358211251138852438e+00
2.119473148968699094e-01,1.358240336273413673e+00
2.119212542447112546e-01,1.358267430371216999e+00
2.118952601262480417e-01,1.358292797227486526e+00
2.118693236760317844e-01,1.358316665768058096e+00
2.118434373581512264e-01,1.358339234625779657e+00
2.118175947488112609e-01,1.358360676139938272e+00
2.117917903573199034e-01,1.358381139833011897e+00
2.117660194797319206e-01,1.358400755430468232e+00
2.117402780778052940e-01,1.358419635482319476e+00
2.117145626794076918e-01,1.358437877638331237e+00
2.116888702947290479e-01,1.358455566621115551e+00
2.116631983461114697e-01,1.358472775938120325e+00
2.116375446085281276e-01,1.358489569365797012e+00
2.116119071598530910e-01,1.358506002238450749e+00
2.115862843386558667e-01,1.358522122566468981e+00
2.115606747075108596e-01,1.358537972005181782e+00
2.115350770224554700e-01,1.358553586696348070e+00
2.115094902061497584e-01,1.358568997997765759e+00
2.114839133253744452e-01,1.358584233116755913e+00
2.114583455715071114e-01,1.358599315659559492e+00
2.114327862435808891e-01,1.358614266107568858e+00
2.114072347342325908e-01,1.358629102232050467e+00
2.224873739799400063e-01,1.318669187045680813e+00
2.224585874290456178e-01,1.318741149462957285e+00
2.224300222879164457e-01,1.318806522036091833e+00
2.224016785039899524e-01,1.318865914863864175e+00
2.223735336456644507e-01,1.318920010180837377e+00
2.223455603932451563e-01,1.318969463923441054e+00
2.223177328733086100e-01,1.319014871918816167e+00
2.222900285513285945e-01,1.319056762219500634e+00
2.222624284413479423e-01,1.319095597548393561e+00
2.222349167462353836e-01,1.319131781232754541e+00
2.222074803631112760e-01,1.319165663949038558e+00
2.221801084086220679e-01,1.319197550236868688e+00
2.221527918128038959e-01,1.319227704425592673e+00
2.221255229845283397e-01,1.319256355887402865e+00
2.220982955444076867e-01,1.319283703642862182e+00
2.220711041079699299e-01,1.319309920369182043e+00
2.220439441138237768e-01,1.319335155887830568e+00
2.220168116848180440e-01,1.319359540191401559e+00
2.219897035144505204e-01,1.319383186067705882e+00
2.219626167768005143e-01,1.319406191379961957e+00
2.219355490500343475e-01,1.319428641041547445e+00
2.219084982549303642e-01,1.319450608730804664e+00
2.218814626030264636e-01,1.319472158377192006e+00
2.218544405545938569e-01,1.319493345453825128e+00
2.218274307812991564e-01,1.319514218093996272e+00
2.218004321365889819e-01,1.319534818063562875e+00
2.217734436299799994e-01,1.319555181603881966e+00
2.217464644047536793e-01,1.319575340161567745e+00
2.217194937196626803e-01,1.319595321023437462e+00
2.216925309331161664e-01,1.319615147867105875e+00
2.216655754891184715e-01,1.319634841237591782e+00
2.216386269061693948e-01,1.319654418962565856e+00
2.318790273838581273e-01,1.279320877361762587e+00
2.318491051753162890e-01,1.279398175753714506e+00
2.318193648136941398e-01,1.279468649766832611e+00
2.317898108686126668e-01,1.279533036268447388e+00
2.317604242289197924e-01,1.279592072032591066e+00
2.317311804609508419e-01,1.279646436822222011e+00
2.317020563960728308e-01,1.279696737187090427e+00
2.316730320740013893e-01,1.279743506280835108e+00
2.316440909398016501e-01,1.279787209484034571e+00
2.316152194649049589e-01,1.279828251697632258e+00
2.315864066371321472e-01,1.279866984668297736e+00
2.315576434797461669e-01,1.279903713753563821e+00
2.315289226460982841e-01,1.279938703959552893e+00
2.315002380930102632e-01,1.279972185246111227e+00
2.314715848220762762e-01,1.280004357154430839e+00
2.314429586763835367e-01,1.280035392830957797e+00
2.314143561803442550e-01,1.280065442520121666e+00
2.313857744146669837e-01,1.280094636597577606e+00
2.313572109161445844e-01,1.280123088199130788e+00
2.313286635985292161e-01,1.280150895502790487e+00
2.313001306886943997e-01,1.280178143707739968e+00
2.312716106743236411e-01,1.280204906749937921e+00
2.312431022629448107e-01,1.280231248793671339e+00
2.312146043467060152e-01,1.280257225521764131e+00
2.311861159744968419e-01,1.280282885258282377e+00
2.311576363281651891e-01,1.280308269940532373e+00
2.311291647032331642e-01,1.280333415964742372e+00
2.311007004914724106e-01,1.280358354915800856e+00
2.310722431681452305e-01,1.280383114206064210e+00
2.310437922794912058e-01,1.280407717624974850e+00
2.310153474329713630e-01,1.280432185818036528e+00
2.309869082891189140e-01,1.280456536703436399e+00
2.404559286950880559e-01,1.239757517242915164e+00
2.404247410361552428e-01,1.239840244773779077e+00
2.403937431637531152e-01,1.239915886662165123e+00
2.403629114976980341e-01,1.239985321253326056e+00
2.403322175960842244e-01,1.240049345621347721e+00
2.403016354282278833e-01,1.240108665597609017e+00
2.402711432800093971e-01,1.240163899347261234e+00
2.402407237247407845e-01,1.240215585511276197e+00
2.402103629994127576e-01,1.240264192339232352e+00
2.401800502923154002e-01,1.240310126461132700e+00
2.401497771058467290e-01,1.240353740834154284e+00
2.401195367379623524e-01,1.240395341774180427e+00
2.400893238745822611e-01,1.240435195105731303e+00
2.400591342765102110e-01,1.240473531516172123e+00
2.400289645384284243e-01,1.240510551203958478e+00
2.399988119074221160e-01,1.240546427916863648e+00
2.399686741414700786e-01,1.240581312448830964e+00
2.399385494033273447e-01,1.240615335678088682e+00
2.399084361777551744e-01,1.240648611200203533e+00
2.398783332071027785e-01,1.240681237611688692e+00
2.398482394426355024e-01,1.240713300493704319e+00
2.398181540041966209e-01,1.240744874129281472e+00
2.397880761509808278e-01,1.240776022998154371e+00
2.397580052558198338e-01,1.240806803069165465e+00
2.397279407858804445e-01,1.240837262924209483e+00
2.396978822878792770e-01,1.240867444735611391e+00
2.396678293740984178e-01,1.240897385109655415e+00
2.396377817120701470e-01,1.240927115821601756e+00
2.396077390171746091e-01,1.240956664455413971e+00
2.395777010436755117e-01,1.240986054954040352e+00
2.395476675803464572e-01,1.241015308101679038e+00
2.395176384449346774e-01,1.241044441940468479e+00
2.482878448049286868e-01,1.199986159581162504e+00
2.482552636225686671e-01,1.200074393048669252e+00
2.482229276516757788e-01,1.200155248392733798e+00
2.481907519233239601e-01,1.200229764591569825e+00
2.481586862953999717e-01,1.200298805530351176e+00
2.481266989251639798e-01,1.200363105226844862e+00
2.480947684385862162e-01,1.200423294124574491e+00
2.480628799422277264e-01,1.200479916573755634e+00
2.480310228165242548e-01,1.200533443810691381e+00
2.479991893841360928e-01,1.200584284298511717e+00
2.479673740522077008e-01,1.200632792324211051e+00
2.479355727289326017e-01,1.200679275291754111e+00
2.479037824140471469e-01,1.200723999980447765e+00
2.478720009051731676e-01,1.200767197942739895e+00
2.478402265844614483e-01,1.200809070171937609e+00
2.478084582641516542e-01,1.200849791148205226e+00
2.477766950715838135e-01,1.200889512341449361e+00
2.477449363660181869e-01,1.200928365251793695e+00
2.477131816771666051e-01,1.200966464046311355e+00
2.476814306593682902e-01,1.201003907844945262e+00
2.476496830590491638e-01,1.201040782707084364e+00
2.476179386893817558e-01,1.201077163351874644e+00
2.475861974132778920e-01,1.201113114655767422e+00
2.475544591299579655e-01,1.201148692948643903e+00
2.475227237648761347e-01,1.201183947140133323e+00
2.474909912630408881e-01,1.201218919697941478e+00
2.474592615837503673e-01,1.201253647496621779e+00
2.474275346963295541e-01,1.201288162553238781e+00
2.473958105781159933e-01,1.201322492669058217e+00
2.473640892113898315e-01,1.201356661982762919e+00
2.473323705834325759e-01,1.201390691455755055e+00
2.473006546843826148e-01,1.201424599288746231e+00
2.554472409430583735e-01,1.160010032690467652e+00
2.554131484772377836e-01,1.160103833242190685e+00
2.553794037841161102e-01,1.160189927491662276e+00
2.553458265005036920e-01,1.160269539009980644e+00
2.553123329615810677e-01,1.160343605637141895e+00
2.552788817940425670e-01,1.160412891446719774e+00
2.552454511107248858e-01,1.160478039533152206e+00
2.552120286463539500e-01,1.160539599994500737e+00
2.551786072802305627e-01,1.160598047066688787e+00
2.551451828563991997e-01,1.160653791103417154e+00
2.551117530339910289e-01,1.160707187814393748e+00
2.550783166268450475e-01,1.160758545810552267e+00
2.550448731943864011e-01,1.160808132956483663e+00
2.550114227756217211e-01,1.160856181804045706e+00
2.549779657115375242e-01,1.160902894276221398e+00
2.549445025231911188e-01,1.160948445715917376e+00
2.549110338283017141e-01,1.160992988392691272e+00
2.548775602852114686e-01,1.161036654545332780e+00
2.548440825568282220e-01,1.161079559022610619e+00
2.548106012848654345e-01,1.161121801570197176e+00
2.547771170757481274e-01,1.161163468819974565e+00
2.547436304928071826e-01,1.161204636016576419e+00
2.547101420514905068e-01,1.161245368512963783e+00
2.546766522195068050e-01,1.161285723074152010e+00
2.546431614175468372e-01,1.161325749004893826e+00
2.546096700211741837e-01,1.161365489130035122e+00
2.545761783647848553e-01,1.161404980648106822e+00
2.545426867438427276e-01,1.161444255868805842e+00
2.545091954194473316e-01,1.161483342857074552e+00
2.544757046210261442e-01,1.161522265990300173e+00
2.544422145502815424e-01,1.161561046443407186e+00
2.544087253837555851e-01,1.161599702608789864e+00
2.620236701927058376e-01,1.120630508620764187e+00
2.619861175131489861e-01,1.120624740828357169e+00
2.619492692700278180e-01,1.120624663601766935e+00
2.619127911043847012e-01,1.120629923387034710e+00
2.618765366624986601e-01,1.120639974638973690e+00
2.618404359905813772e-01,1.120654249949991410e+00
2.618044512988199068e-01,1.120672219638924716e+00
2.617685592034030839e-01,1.120693409005471208e+00
2.617327434305757872e-01,1.120717399831925087e+00
2.616969916813165487e-01,1.120743826402369914e+00
2.616612941837991313e-01,1.120772369973164651e+00
2.616256429515479986e-01,1.120802753158319121e+00
2.615900313524917031e-01,1.120834734730508320e+00
2.615544538267214336e-01,1.120868104974636958e+00
2.615189056844136606e-01,1.120902681599668993e+00
2.614833829523401931e-01,1.120938306164997567e+00
2.614478822528609192e-01,1.120974840965645480e+00
2.614124007071476630e-01,1.121012166322558734e+00
2.613769358557077593e-01,1.121050178225105221e+00
2.613414855924115487e-01,1.121088786279140104e+00
2.613060481113844147e-01,1.121127911927549015e+00
2.612706218607011577e-01,1.121167486898000831e+00
2.612352055058040912e-01,1.121207451859227655e+00
2.611997978974673340e-01,1.121247755249600075e+00
2.611643980446264335e-01,1.121288352259078192e+00
2.611290050923205097e-01,1.121329203946773267e+00
2.610936183020119983e-01,1.121370276470440519e+00
2.610582370355336024e-01,1.121411540420816255e+00
2.610228607406318013e-01,1.121452970238542513e+00
2.609874889403933085e-01,1.121494543714008474e+00
2.609521212210345054e-01,1.121536241544031087e+00
2.609167572248503597e-01,1.121578046954674335e+00
2.680705410912360698e-01,1.080243196030312935e+00
2.680301717009833662e-01,1.080242265042052230e+00
2.679908438798552228e-01,1.080246674837674892e+00
2.679520379277083308e-01,1.080256318086934231e+00
2.679135375831386279e-01,1.080270735287311989e+00
2.678752448435089972e-01,1.080289387943439428e+00
2.678371091281008809e-01,1.080311755075513025e+00
2.677990999591041699e-01,1.080337363651428184e+00
2.677611962268179324e-01,1.080365794735703044e+00
2.677233818285814082e-01,1.080396681152081539e+00
2.676856437725033677e-01,1.080429702522378799e+00
2.676479712634983188e-01,1.080464579847350004e+00
2.676103551939253977e-01,1.080501070367835492e+00
2.675727878183961628e-01,1.080538962939912473e+00
2.675352625193570533e-01,1.080578073948518014e+00
2.674977736253356109e-01,1.080618243730006256e+00
2.674603162673807044e-01,1.080659333457629767e+00
2.674228862565816156e-01,1.080701222420492158e+00
2.673854799857183218e-01,1.080743805664255097e+00
2.673480943447118507e-01,1.080786991934185259e+00
2.673107266488063405e-01,1.080830701886796197e+00
2.672733745783936743e-01,1.080874866535107115e+00
2.672360361293051878e-01,1.080919425899920405e+00
2.671987095673903911e-01,1.080964327830845617e+00
2.671613933913510319e-01,1.081009526985162950e+00
2.671240863015844624e-01,1.081054983940274328e+00
2.670867871719476150e-01,1.081100664419641477e+00
2.670494950268633705e-01,1.081146538622115960e+00
2.670122090201912934e-01,1.081192580636579414e+00
2.669749284179188664e-01,1.081238767933937917e+00
2.669376525837721670e-01,1.081285080926980280e+00
2.669003809654869608e-01,1.081331502585208826e+00
2.736703972780717420e-01,1.039629982806447916e+00
2.736271296231641559e-01,1.039633813307575538e+00
2.735852875525005001e-01,1.039642593482230426e+00
2.735441283511531041e-01,1.039656501823104096e+00
2.735033573634040871e-01,1.039675171858014835e+00
2.734628473662913950e-01,1.039698093790795141e+00
2.734225352688613997e-01,1.039724754218905201e+00
2.733823838481558854e-01,1.039754680917537533e+00
2.733423673724534875e-01,1.039787453703300946e+00
2.733024660317566190e-01,1.039822703606240628e+00
2.732626636435014911e-01,1.039860108385991078e+00
2.732229465964842174e-01,1.039899387251174812e+00
2.731833032830341956e-01,1.039940295761094591e+00
2.731437237393189443e-01,1.039982621208285662e+00
2.731041993825281122e-01,1.040026178529069867e+00
2.730647228061746645e-01,1.040070806725537755e+00
2.730252876101894044e-01,1.040116365738888105e+00
2.729858882601055581e-01,1.040162733730097600e+00
2.729465199655149998e-01,1.040209804709400165e+00
2.729071785777485437e-01,1.040257486474500448e+00
2.728678605031314985e-01,1.040305698819280478e+00
2.728285626260856800e-01,1.040354371971366598e+00
2.727892822453001354e-01,1.040403445235756230e+00
2.727500170172718064e-01,1.040452865813356498e+00
2.727107649090435570e-01,1.040502587774575494e+00
2.726715241558387848e-01,1.040552571164502282e+00
2.726322932260602516e-01,1.040602781226907192e+00
2.725930707892947336e-01,1.040653187726108708e+00
2.725538556905022780e-01,1.040703764360065176e+00
2.725146469264713711e-01,1.040754488248713860e+00
2.724754436255923395e-01,1.040805339488056314e+00
2.724362450306934691e-01,1.040856300763311593e+00
2.788992346714558312e-01,9.987707651071126014e-01
2.788530346372306568e-01,9.987792532808331680e-01
2.788086872071645628e-01,9.987922576560842591e-01
2.787651882306504958e-01,9.988102869322497135e-01
2.787221583108737133e-01,9.988330734515559195e-01
2.786794412161374690e-01,9.988601347404739705e-01
2.786369622429232251e-01,9.988909632463320865e-01
2.785946780138973677e-01,9.989250864422268839e-01
2.785525584682002620e-01,9.989620822513523013e-01
2.785105802134036912e-01,9.990015795144386868e-01
2.784687239176040219e-01,9.990432538532086904e-01
2.784269731573014717e-01,9.990868224682381005e-01
2.783853138129450677e-01,9.991320390552667075e-01
2.783437336798348927e-01,9.991786891763144718e-01
2.783022221868360346e-01,9.992265861727467335e-01
2.782607701651542698e-01,9.992755675729778631e-01
2.782193696575442909e-01,9.993254919621878951e-01
2.781780137560215249e-01,9.993762362558535894e-01
2.781366964611192150e-01,9.994276933232238980e-01
2.780954125622834283e-01,9.994797699207039754e-01
2.780541575314327551e-01,9.995323848893518104e-01
2.780129274344754209e-01,9.995854675903829145e-01
2.779717188523635474e-01,9.996389565412705513e-01
2.779305288126607820e-01,9.996927982272698632e-01
2.778893547317995427e-01,9.997469460703751754e-01
2.778481943636838536e-01,9.998013595296656453e-01
2.778070457551820027e-01,9.998560033178232054e-01
2.777659072081634650e-01,9.999108467215654938e-01
2.777247772456725161e-01,9.999658630076058152e-01
2.776836545832263581e-01,1.000021028906779019e+00
2.776425381039107632e-01,1.000076324165966257e+00
2.776014268359790482e-01,1.000131731156199244e+00
2.837836726453194514e-01,9.568511236382147844e-01
2.837407071025042637e-01,9.569657658501867781e-01
2.836993126500961804e-01,9.570713375925162802e-01
2.836582791094141576e-01,9.571704037398399700e-01
2.836172152606771801e-01,9.572642724422787408e-01
2.835760041145496957e-01,9.573537723812407529e-01
2.835346199837937564e-01,9.574395208670184454e-01
2.834930669666588798e-01,9.575220202832344096e-01
2.834513582203007642e-01,9.576016961561194529e-01
2.834095089659793287e-01,9.576789149023230419e-01
2.833675341421870719e-01,9.577539941179294969e-01
2.833254476446726566e-01,9.578272097955830011e-01
2.832832621197511336e-01,9.578988020272873882e-01
2.832409889528878510e-01,9.579689797644427296e-01
2.831986383282092401e-01,9.580379248919949076e-01
2.831562193160445662e-01,9.581057957516437851e-01
2.831137399677219890e-01,9.581727301977215339e-01
2.830712074105300458e-01,9.582388482539442309e-01
2.830286279392885684e-01,9.583042544222166725e-01
2.829860071039779768e-01,9.583690396950990120e-01
2.829433497887709481e-01,9.584332833019534315e-01
2.829006602866473985e-01,9.584970542330847332e-01
2.828579423657928693e-01,9.585604125625855065e-01
2.828151993301121214e-01,9.586234106016363610e-01
2.827724340751507359e-01,9.586860939052532782e-01
2.827296491353406549e-01,9.587485021420222298e-01
2.826868467273960239e-01,9.588106698563443331e-01
2.826440287900602311e-01,9.588726271319433225e-01
2.826011970164929443e-01,9.589344001655623062e-01
2.825583528861336791e-01,9.589960117715767840e-01
2.825154976904438175e-01,9.590574818177687311e-01
2.824726325565842799e-01,9.591188276067201812e-01
2.884899452680703691e-01,9.153983276244648248e-01
2.884452761781524655e-01,9.155184143091871229e-01
2.884025387233263849e-01,9.156288297293982970e-01
2.883602023127833092e-01,9.157325713629236308e-01
2.883178008223280520e-01,9.158310556565384397e-01
2.882752053612467891e-01,9.159251366540992478e-01
2.882323929242131544e-01,9.160154374592355264e-01
2.881893727688282225e-01,9.161024623273457124e-01
2.881461629894730425e-01,9.161866381770528145e-01
2.881027830927972988e-01,9.162683329121541487e-01
2.880592516918976664e-01,9.163478657039000330e-01
2.880155858477664310e-01,9.164255141400817761e-01
2.879718009480791152e-01,9.165015198734387525e-01
2.879279107627261136e-01,9.165760933558956269e-01
2.878839275548715770e-01,9.166494178951115623e-01
2.878398622114399230e-01,9.167216531741094743e-01
2.877957243712784829e-01,9.167929383015416267e-01
2.877515225501041107e-01,9.168633944672414104e-01
2.877072642592590213e-01,9.169331272568552738e-01
2.876629561125957912e-01,9.170022286615713281e-01
2.876186039263224359e-01,9.170707788313745557e-01
2.875742128097950601e-01,9.171388476012023450e-01
2.875297872459915971e-01,9.172064958188290706e-01
2.874853311657081245e-01,9.172737765037245472e-01
2.874408480125238419e-01,9.173407358542831069e-01
2.873963408011979137e-01,9.174074141259486170e-01
2.873518121693671712e-01,9.174738463960859791e-01
2.873072644237622542e-01,9.175400632310022342e-01
2.872626995809370309e-01,9.176060912661633262e-01
2.872181194026333650e-01,9.176719537114272907e-01
2.871735254274356830e-01,9.177376707921031107e-01
2.871289189993274094e-01,9.178032601334206175e-01
2.930545339067854305e-01,8.735930762072632305e-01
2.930082970028887734e-01,8.737184890818392446e-01
2.929643784162030418e-01,8.738335856409541469e-01
2.929208919262907829e-01,8.739418488446778488e-01
2.928772992442827960e-01,8.740448016235934370e-01
2.928334637158757636e-01,8.741433184157708647e-01
2.927893669515305719e-01,8.742380256836521646e-01
2.927450240014611849e-01,8.743294287329359538e-01
2.927004580114484500e-01,8.744179557206226416e-01
2.926556927248227247e-01,8.745039761057896710e-01
2.926107503449790759e-01,8.745878107631678278e-01
2.925656510183066161e-01,8.746697390081830115e-01
2.925204128087341982e-01,8.747500041819966654e-01
2.924750518180532777e-01,8.748288183513109884e-01
2.924295823486896539e-01,8.749063663551767123e-01
2.923840170717869058e-01,8.749828093132304696e-01
2.923383671889097091e-01,8.750582876742049043e-01
2.922926425873914047e-01,8.751329238780692910e-01
2.922468519795582420e-01,8.752068246638624593e-01
2.922010030339661224e-01,8.752800830904661211e-01
2.921551024916014261e-01,8.753527802882116182e-01
2.921091562727976543e-01,8.754249869921046923e-01
2.920631695728309052e-01,8.754967648746034836e-01
2.920171469471364301e-01,8.755681677077539193e-01
2.919710923869300312e-01,8.756392423758277976e-01
2.919250093878803520e-01,8.757100297589059945e-01
2.918789010097883607e-01,8.757805655024211156e-01
2.918327699289630650e-01,8.758508806863437579e-01
2.917866184865188228e-01,8.759210024123060823e-01
2.917404487286703874e-01,8.759909543117774255e-01
2.916942624439489706e-01,8.760607569912207682e-01
2.916480611942969259e-01,8.761304284181581359e-01
2.976268274791191715e-01,8.321533721568441511e-01
2.975703382807867170e-01,8.321858802166028912e-01
2.975176453807317767e-01,8.322198762005641459e-01
2.974663418060992659e-01,8.322578066348575998e-01
2.974157134028508898e-01,8.322999063498189853e-01
2.973655246815039010e-01,8.323458486921592181e-01
2.973156783656596969e-01,8.323952000271160889e-01
2.972661196193210342e-01,8.324475404973654680e-01
2.972168088208472225e-01,8.325024922202843847e-01
2.971677135578456030e-01,8.325597222988299073e-01
2.971188060422742527e-01,8.326189394133913790e-01
2.970700620807786296e-01,8.326798891655691204e-01
2.970214605114170348e-01,8.327423495426412581e-01
2.969729828041909325e-01,8.328061268343736057e-01
2.969246127317037853e-01,8.328710520318723942e-01
2.968763360876306434e-01,8.329369776782232782e-01
2.968281404382301369e-01,8.330037751181716965e-01
2.967800149064201420e-01,8.330713321015359440e-01
2.967319499788259596e-01,8.331395506886296598e-01
2.966839373358399756e-01,8.332083454225184260e-01
2.966359697062868617e-01,8.332776417407898872e-01
2.965880407343220448e-01,8.333473745833019919e-01
2.965401448661311723e-01,8.334174871808803786e-01
2.964922772497851633e-01,8.334879299996270641e-01
2.964444336470879460e-01,8.335586598167045169e-01
2.963966103553438702e-01,8.336296389151195418e-01
2.963488041418012031e-01,8.337008343846220582e-01
2.963010121833464239e-01,8.337722175076214270e-01
2.962532320145915832e-01,8.338437632236220809e-01
2.962054614833811717e-01,8.339154496651121073e-01
2.961576987105405401e-01,8.339872577492652983e-01
2.961099420555619033e-01,8.340591708233455748e-01
3.021479647838091753e-01,7.894935160722629242e-01
3.020893996309655938e-01,7.895297398490994656e-01
3.020351508164407228e-01,7.895668427452701144e-01
3.019823905677682108e-01,7.896078481819516215e-01
3.019303394983975375e-01,7.896530737183383719e-01
3.018787556524473170e-01,7.897021935034894691e-01
3.018275412780482281e-01,7.897547665322594002e-01
3.017766401726815206e-01,7.898103672345273552e-01
3.017260105674835491e-01,7.898686136060648622e-01
3.016756176815548751e-01,7.899291694743085790e-01
3.016254314222607258e-01,7.899917406893549598e-01
3.015754254600719886e-01,7.900560703007358798e-01
3.015255766911902335e-01,7.901219339577345568e-01
3.014758648362725335e-01,7.901891357988588549e-01
3.014262720995176670e-01,7.902575048355512388e-01
3.013767828737924370e-01,7.903268917951737915e-01
3.013273834756124425e-01,7.903971663555932059e-01
3.012780619145378203e-01,7.904682147408673698e-01
3.012288076878836818e-01,7.905399376184165661e-01
3.011796115984106681e-01,7.906122482614666991e-01
3.011304655953948584e-01,7.906850709500610197e-01
3.010813626341569127e-01,7.907583395738269072e-01
3.010322965502956749e-01,7.908319964089168819e-01
3.009832619523326591e-01,7.909059910559410600e-01
3.009342541250648040e-01,7.909802795085912885e-01
3.008852689449588724e-01,7.910548233416195840e-01
3.008363028078882007e-01,7.911295890050024093e-01
3.007873525631153955e-01,7.912045472031566939e-01
3.007384154556497768e-01,7.912796723536752452e-01
3.006894890795805408e-01,7.913549421209079560e-01
3.006405713315980499e-01,7.914303370002524485e-01
3.005916603734568038e-01,7.915058399586327731e-01
3.067584009975116710e-01,7.463021501197721896e-01
3.066981624914960625e-01,7.463417461339624248e-01
3.066427410110277307e-01,7.463816079999001651e-01
3.065888796464312782e-01,7.464253684296154878e-01
3.065357501332887091e-01,7.464734103450104685e-01
3.064831109914091800e-01,7.465254006711339319e-01
3.064308660664786244e-01,7.465808888747172967e-01
3.063789583798112726e-01,7.466394433237791839e-01
3.063273442698375426e-01,7.467006779362361790e-01
3.062759867803300784e-01,7.467642533416307682e-01
3.062248536921012287e-01,7.468298726140342181e-01
3.061739167041286902e-01,7.468972762864217740e-01
3.061231509206885359e-01,7.469662376948583704e-01
3.060725344462174036e-01,7.470365588440041060e-01
3.060220480341491744e-01,7.471080667800582553e-01
3.059716747763204236e-01,7.471806104202107779e-01
3.059213998278905167e-01,7.472540577840142140e-01
3.058712101618337731e-01,7.473282935753668976e-01
3.058210943518898106e-01,7.474032170712446854e-01
3.057710423793149057e-01,7.474787402769801359e-01
3.057210454631804075e-01,7.475547863166621676e-01
3.056710959104568803e-01,7.476312880282783846e-01
3.056211869823699523e-01,7.477081867327429743e-01
3.055713127776385485e-01,7.477854311634950513e-01
3.055214681303033419e-01,7.478629765293507425e-01
3.054716485181031005e-01,7.479407836946938559e-01
3.054218499843596724e-01,7.480188184665611528e-01
3.053720690658969228e-01,7.480970509688362746e-01
3.053223027336215423e-01,7.481754550969946793e-01
3.052725483376825810e-01,7.482540080424124884e-01
3.052228035606144863e-01,7.483326898758496659e-01
3.051730663753247086e-01,7.484114831827690661e-01
3.114443692740006542e-01,7.017482607179065246e-01
3.113938357598236006e-01,7.018857702809819799e-01
3.113472793968232732e-01,7.020110160985234549e-01
3.113011833025114972e-01,7.021297349587730663e-01
3.112548229620805684e-01,7.022436659413704430e-01
3.112080802622271269e-01,7.023536125468767821e-01
3.111609656373515720e-01,7.024601201701786701e-01
3.111135138793792998e-01,7.025636310246429206e-01
3.110657616601837927e-01,7.026645239440544310e-01
3.110177429181754660e-01,7.027631282591103590e-01
3.109694881362988772e-01,7.028597313480287045e-01
3.109210244612488627e-01,7.029545842319397941e-01
3.108723759876626525e-01,7.030479062397410051e-01
3.108235640561506363e-01,7.031398890278304226e-01
3.107746075432631372e-01,7.032307000858309953e-01
3.107255231238876814e-01,7.033204857903744278e-01
3.106763255106488875e-01,7.034093740699403075e-01
3.106270276738789526e-01,7.034974767369051030e-01
3.105776410380313712e-01,7.035848915211234678e-01
3.105281756569900353e-01,7.036717038444485484e-01
3.104786403736535805e-01,7.037579883754587762e-01
3.104290429601395673e-01,7.038438103831911041e-01
3.103793902444886288e-01,7.039292269237663602e-01
3.103296882216775576e-01,7.040142878722862596e-01
3.102799421537307811e-01,7.040990368309858471e-01
3.102301566565794366e-01,7.041835119161636847e-01
3.101803357787629722e-01,7.042677464509478069e-01
3.101304830693513703e-01,7.043517695668825018e-01
3.100806016393063413e-01,7.044356067331923876e-01
3.100306942145180100e-01,7.045192802171894586e-01
3.099807631832557364e-01,7.046028094866157998e-01
3.099308106370821658e-01,7.046862115622467559e-01
3.164522093842269124e-01,6.572483443547463278e-01
3.164017905073440162e-01,6.573893541736794965e-01
3.163556763879291633e-01,6.575174588378893681e-01
3.163099644566925162e-01,6.576390133198024568e-01
3.162639304983630995e-01,6.577557785635987919e-01
3.162174755952568139e-01,6.578685414976488399e-01
3.161706202140673327e-01,6.579778408161208736e-01
3.161234042775327713e-01,6.580841178177041506e-01
3.160758677195079080e-01,6.581877523928618690e-01
3.160280469805117898e-01,6.582890754707595438e-01
3.159799746435263401e-01,6.583883761303326310e-01
3.159316796773259384e-01,6.584859070664828007e-01
3.158831877711660852e-01,6.585818892105205213e-01
3.158345216710381487e-01,6.586765157405984894e-01
3.157857014908023729e-01,6.587699555779557015e-01
3.157367449971461570e-01,6.588623564405372557e-01
3.156876678676129866e-01,6.589538475080654045e-01
3.156384839242841189e-01,6.590445417550270246e-01
3.155892053441695100e-01,6.591345379861369702e-01
3.155398428469594618e-01,6.592239226171054955e-01
3.154904058637790221e-01,6.593127712293036513e-01
3.154409026874968047e-01,6.594011499317745661e-01
3.153913406063190705e-01,6.594891165487460905e-01
3.153417260225132024e-01,6.595767216590670001e-01
3.152920645580601366e-01,6.596640095066524934e-01
3.152423611471474318e-01,6.597510187919363167e-01
3.151926201201025735e-01,6.598377833701642992e-01
3.151428452757376042e-01,6.599243328574142531e-01
3.150930399452536723e-01,6.600106931615404848e-01
3.150432070487407255e-01,6.600968869464901578e-01
3.149933491466664348e-01,6.601829340399160140e-01
3.149434684824527486e-01,6.602688517878022578e-01
3.217686599400942371e-01,6.119738916557848629e-01
3.217189580984333164e-01,6.121177227039720226e-01
3.216738208623817208e-01,6.122480794908640167e-01
3.216290080762108095e-01,6.123718957984829458e-01
3.215838172707160547e-01,6.124909260734632266e-01
3.215381718168383030e-01,6.126059355617250457e-01
3.214921016751988714e-01,6.127174562903467958e-01
3.214456511819964168e-01,6.128259290783694135e-01
3.213988630194719587e-01,6.129317351123046986e-01
3.213517757505056638e-01,6.130352070315492341e-01
3.213044237525315983e-01,6.131366356705956200e-01
3.212568375531171250e-01,6.132362754253264381e-01
3.212090442112526811e-01,6.133343488515692332e-01
3.211610676775622508e-01,6.134310506590591183e-01
3.211129291285684806e-01,6.135265512084672190e-01
3.210646472686681796e-01,6.136209995603882916e-01
3.210162386046987448e-01,6.137145261470261515e-01
3.209677176919230601e-01,6.138072451024696452e-01
3.209190973553903703e-01,6.138992563035191585e-01
3.208703888888457811e-01,6.139906471534258836e-01
3.208216022316103810e-01,6.140814941429321161e-01
3.207727461274280101e-01,6.141718642149913698e-01
3.207238282624810810e-01,6.142618159559241064e-01
3.206748553925916068e-01,6.143514006424699581e-01
3.206258334524549336e-01,6.144406631536849517e-01
3.205767676538607280e-01,6.145296427701826270e-01
3.205276625724688411e-01,6.146183738735390145e-01
3.204785222241937626e-01,6.147068865573739327e-01
3.204293501332327598e-01,6.147952071634669169e-01
3.203801493908932652e-01,6.148833587497268827e-01
3.203309227085699429e-01,6.149713614993963517e-01
3.202816724637423396e-01,6.150592330799683483e-01
3.275548557058409749e-01,5.665802425709594026e-01
3.274946911054887888e-01,5.666340991632147217e-01
3.274406682192536611e-01,5.666854380237289490e-01
3.273881110648416692e-01,5.667402967298686978e-01
3.273362170388118830e-01,5.667991496173646615e-01
3.272848079276717836e-01,5.668616440966901537e-01
3.272338106176742034e-01,5.669273491088141492e-01
3.271831736942436009e-01,5.669958678554626319e-01
3.271328536495730632e-01,5.670668499289680531e-01
3.270828122303022778e-01,5.671399881248688768e-01
3.270330155963342422e-01,5.672150134569676760e-01
3.269834338074324442e-01,5.672916904480130862e-01
3.269340403948627904e-01,5.673698129562481096e-01
3.268848119781075368e-01,5.674492005124961436e-01
3.268357279227213086e-01,5.675296951186594718e-01
3.267867700306141820e-01,5.676111584446159597e-01
3.267379222637821212e-01,5.676934693757815786e-01
3.266891704953298614e-01,5.677765218657068180e-01
3.266405022897198585e-01,5.678602230616432989e-01
3.265919067040651269e-01,5.679444916579579061e-01
3.265433741148963676e-01,5.680292564600749605e-01
3.264948960618249130e-01,5.681144551251953168e-01
3.264464651084403313e-01,5.682000330596645998e-01
3.263980747220329715e-01,5.682859424557323846e-01
3.263497191654441965e-01,5.683721414474938172e-01
3.263013934006258610e-01,5.684585933706074456e-01
3.262530930045201005e-01,5.685452661152877729e-01
3.262048140961301135e-01,5.686321315619291550e-01
3.261565532690017810e-01,5.687191650830455414e-01
3.261083075356115413e-01,5.688063451102612911e-01
3.260600742751528225e-01,5.688936527545725985e-01
3.260118511888909776e-01,5.689810714717192797e-01
3.336686026868830313e-01,5.195195742727292121e-01
3.336102610688433390e-01,5.195734146248823793e-01
3.335581713779873780e-01,5.196244895002616326e-01
3.335074777832674475e-01,5.196792287400012755e-01
3.334574316872188637e-01,5.197380421850973375e-01
3.334078747785450547e-01,5.198005463582120456e-01
3.333587382406891231e-01,5.198662999957318620e-01
3.333099710287556472e-01,5.199349017407051132e-01
3.332615291885191455e-01,5.200059980205316013e-01
3.332133738809786583e-01,5.200792789129621285e-01
3.331654706813276245e-01,5.201544729651107479e-01
3.331177890924638119e-01,5.202313424381327378e-01
3.330703021209104331e-01,5.203096791134271815e-01
3.330229859002636350e-01,5.203893006214584949e-01
3.329758193437636349e-01,5.204700472252598020e-01
3.329287838375792896e-01,5.205517790066909178e-01
3.328818629620802771e-01,5.206343734042668814e-01
3.328350422404051656e-01,5.207177230540137591e-01
3.327883089173421793e-01,5.208017339041839389e-01
3.327416517608925428e-01,5.208863235617331444e-01
3.326950608835485546e-01,5.209714198452695122e-01
3.326485275861662538e-01,5.210569595169429746e-01
3.326020442179306036e-01,5.211428871748844394e-01
3.325556040514749956e-01,5.212291542790709054e-01
3.325092011737934561e-01,5.213157183014194285e-01
3.324628303903933157e-01,5.214025419815924156e-01
3.324164871372756180e-01,5.214895926723873698e-01
3.323701674060130506e-01,5.215768417682842273e-01
3.323238676780061462e-01,5.216642642054198920e-01
3.322775848632543161e-01,5.217518380221352059e-01
3.322313162503671147e-01,5.218395439755055820e-01
3.321850594601520879e-01,5.219273652042385470e-01
3.402416677873662532e-01,4.714564164335366958e-01
3.401860739347055684e-01,4.715091621412298983e-01
3.401367265043629962e-01,4.715590377211836270e-01
3.400886925378303616e-01,4.716127327715480266e-01
3.400412884956688919e-01,4.716705755868427774e-01
3.399943748808659794e-01,4.717321536582365638e-01
3.399478866529734300e-01,4.717970171092355502e-01
3.399017733052092649e-01,4.718647606759974744e-01
3.398559907945196135e-01,4.719350279300377204e-01
3.398105000738697590e-01,4.720075064439147594e-01
3.397652664795173250e-01,4.720819224775065215e-01
3.397202592670350296e-01,4.721580361910165946e-01
3.396754511991786352e-01,4.722356374409435453e-01
3.396308181675726234e-01,4.723145420929230620e-01
3.395863388545145578e-01,4.723945887975590230e-01
3.395419944229553511e-01,4.724756361637463820e-01
3.394977682436181587e-01,4.725575602876627701e-01
3.394536456425670812e-01,4.726402525843226288e-01
3.394096136805704322e-01,4.727236178914807074e-01
3.393656609538816538e-01,4.728075728074862538e-01
3.393217774178501900e-01,4.728920442368858001e-01
3.392779542277936655e-01,4.729769681136999360e-01
3.392341835991454224e-01,4.730622882855636258e-01
3.391904586834859625e-01,4.731479555351104649e-01
3.391467734569317272e-01,4.732339267225121326e-01
3.391031226233754414e-01,4.733201640334301352e-01
3.390595015276253732e-01,4.734066343226703832e-01
3.390159060792728440e-01,4.734933085354995908e-01
3.389723326835887840e-01,4.735801612032521923e-01
3.389287781838873914e-01,4.736671700005293251e-01
3.388852398077296102e-01,4.737543153558870790e-01
3.388417151209930922e-01,4.738415801141009909e-01
3.472936215544036309e-01,4.223500882741584306e-01
3.472417143798520178e-01,4.224005324811212492e-01
3.471959376686853394e-01,4.224481517738183922e-01
3.471513861642100962e-01,4.224997475372491151e-01
3.471074459991423944e-01,4.225555574952049587e-01
3.470639943569816532e-01,4.226151434071835911e-01
3.470209694882069873e-01,4.226780482632025437e-01
3.469783216504309653e-01,4.227438633577382809e-01
3.469360070946856389e-01,4.228122296050204620e-01
3.468939869368045104e-01,4.228828322054643540e-01
3.468522266152124778e-01,4.229553952501090008e-01
3.468106954455503210e-01,4.230296769120342470e-01
3.467693662158771173e-01,4.231054652265371363e-01
3.467282148191851432e-01,4.231825743956042496e-01
3.466872199203799298e-01,4.232608415510525357e-01
3.466463626520881469e-01,4.233401239180706876e-01
3.466056263441834595e-01,4.234202963334082193e-01
3.465649962750685376e-01,4.235012490664530893e-01
3.465244594557222446e-01,4.235828859164039173e-01
3.464840044297611832e-01,4.236651225394741371e-01
3.464436210986714948e-01,4.237478849854176000e-01
3.464033005652205066e-01,4.238311084161209830e-01
3.463630349931102193e-01,4.239147359801089809e-01
3.463228174845270346e-01,4.239987178288757708e-01
3.462826419687988766e-01,4.240830102526786383e-01
3.462425031045688884e-01,4.241675749229583126e-01
3.462023961950775885e-01,4.242523782307716651e-01
3.461623171111959385e-01,4.243373907045558391e-01
3.461222622225942347e-01,4.244225864999311981e-01
3.460822283388986786e-01,4.245079429534807103e-01
3.460422126579036362e-01,4.245934401911091172e-01
3.460022127171367146e-01,4.246790607835493891e-01
3.548233924927030603e-01,3.721929207660020777e-01
3.547760812268680453e-01,3.722397824017218415e-01
3.547346884208517070e-01,3.722840062856078713e-01
3.546944330479373519e-01,3.723323564521932028e-01
3.546547696081933099e-01,3.723849792518781898e-01
3.546155893891522193e-01,3.724414148551662973e-01
3.545768335965171492e-01,3.725012004437408542e-01
3.545384535495548772e-01,3.725639242610174207e-01
3.545004061794277961e-01,3.726292247438438010e-01
3.544626531371018463e-01,3.726967848626128177e-01
3.544251602980957871e-01,3.727663266697984201e-01
3.543878973347588390e-01,3.728376064739613027e-01
3.543508373271342937e-01,3.729104106073645730e-01
3.543139564074618830e-01,3.729845517195662929e-01
3.542772334331116824e-01,3.730598655266954555e-01
3.542406496943841798e-01,3.731362079687824407e-01
3.542041886456480104e-01,3.732134527124182366e-01
3.541678356672807171e-01,3.732914889677219072e-01
3.541315778494644739e-01,3.733702195709478477e-01
3.540954037988502945e-01,3.734495593072973962e-01
3.540593034661677074e-01,3.735294334393024496e-01
3.540232679930245818e-01,3.736097764165720037e-01
3.539872895713634393e-01,3.736905307439248869e-01
3.539513613261601188e-01,3.737716459931779145e-01
3.539154772017554795e-01,3.738530779296697637e-01
3.538796318688801623e-01,3.739347877542304466e-01
3.538438206389147855e-01,3.740167414331085904e-01
3.538080393864611595e-01,3.740989091117435938e-01
3.537722844841795777e-01,3.741812646018274902e-01
3.537365527428177336e-01,3.742637849309564668e-01
3.537008413594250333e-01,3.743464499468656115e-01
3.536651478703352613e-01,3.744292419711175990e-01
3.627108370632987078e-01,3.202827989735028136e-01
3.626805375774963536e-01,3.204149583886080066e-01
3.626545270724219616e-01,3.205337199740540544e-01
3.626283744477997173e-01,3.206470348246225344e-01
3.626017317636382464e-01,3.207561574714423158e-01
3.625746228501933177e-01,3.208616572659643840e-01
3.625470996347420760e-01,3.209639842695901080e-01
3.625192109551237385e-01,3.210635286248423870e-01
3.624910002912993257e-01,3.211606320847544827e-01
3.624625061145106963e-01,3.212555943582350859e-01
3.624337624274617808e-01,3.213486783273561409e-01
3.624047992597013157e-01,3.214401145816047078e-01
3.623756431187162286e-01,3.215301053938371401e-01
3.623463173939074911e-01,3.216188282037930057e-01
3.623168427096560840e-01,3.217064386706252610e-01
3.622872372487123682e-01,3.217930733520955600e-01
3.622575170336393979e-01,3.218788520516561169e-01
3.622276961785687588e-01,3.219638798763562737e-01
3.621977871134937632e-01,3.220482490433446698e-01
3.621678007799419285e-01,3.221320404605425569e-01
3.621377468101541486e-01,3.222153251181870681e-01
3.621076336794191719e-01,3.222981653045569050e-01
3.620774688423938348e-01,3.223806156714847382e-01
3.620472588585630924e-01,3.224627241761984231e-01
3.620170094950257433e-01,3.225445328990805272e-01
3.619867258224634954e-01,3.226260787650023221e-01
3.619564123007919521e-01,3.227073941777477972e-01
3.619260728491370815e-01,3.227885075706335982e-01
3.618957109123731031e-01,3.228694438961192126e-01
3.618653295185219054e-01,3.229502250515598472e-01
3.618349313283644730e-01,3.230308702536175414e-01
3.618045186808707681e-01,3.231113963666574773e-01
3.711099983157462034e-01,2.681650149422614149e-01
3.710855981042492924e-01,2.682916594965808477e-01
3.710651800417057999e-01,2.684052530341107246e-01
3.710445683351489277e-01,2.685134686653534164e-01
3.710234662921907955e-01,2.686174902338972492e-01
3.710019046748958549e-01,2.687178773385708319e-01
3.709799359878837577e-01,2.688150795689888684e-01
3.709576088304614161e-01,2.689094877806127992e-01
3.709349663341809378e-01,2.690014445739400961e-01
3.709120466073714262e-01,2.690912505053343340e-01
3.708888832918227907e-01,2.691791692790596602e-01
3.708655060698738959e-01,2.692654322733426531e-01
3.708419411205713390e-01,2.693502425108525999e-01
3.708182115234904264e-01,2.694337781388863040e-01
3.707943376196689012e-01,2.695161954814991323e-01
3.707703373293330107e-01,2.695976317170096781e-01
3.707462264371397809e-01,2.696782072258748775e-01
3.707220188413425377e-01,2.697580276497831275e-01
3.706977267767398443e-01,2.698371856987877848e-01
3.706733610112060706e-01,2.699157627359506373e-01
3.706489310199584941e-01,2.699938301679474240e-01
3.706244451383455263e-01,2.700714506635567558e-01
3.705999106986509473e-01,2.701486792259921166e-01
3.705753341493017161e-01,2.702255641295879252e-01
3.705507211603190632e-01,2.703021477445438636e-01
3.705260767177879777e-01,2.703784672604470640e-01
3.705014052043690276e-01,2.704545553183579920e-01
3.704767104737121675e-01,2.705304405705634685e-01
3.704519959124802919e-01,2.706061481652425327e-01
3.704272644974631046e-01,2.706817001777855891e-01
3.704025188447991335e-01,2.707571159854699205e-01
3.703777612537010877e-01,2.708324125974737595e-01
3.798659584052602178e-01,2.152354907354335212e-01
3.798479220046290794e-01,2.153554581368561649e-01
3.798335403247219411e-01,2.154627954698714043e-01
3.798189291792762323e-01,2.155648090575770504e-01
3.798038331342857843e-01,2.156626240337623235e-01
3.797882873437821716e-01,2.157567933907743041e-01
3.797723442399069116e-01,2.158477667154586332e-01
3.797560518568554588e-01,2.159359356083280501e-01
3.797394527173673096e-01,2.160216434832729904e-01
3.797225843373007725e-01,2.161051916963382946e-01
3.797054797922022051e-01,2.161868447206369559e-01
3.796881682347865161e-01,2.162668346688438326e-01
3.796706753498156894e-01,2.163453652577101149e-01
3.796530237637048555e-01,2.164226152874013098e-01
3.796352334013646246e-01,2.164987416916325236e-01
3.796173218043168429e-01,2.165738822153693566e-01
3.795993044145324902e-01,2.166481577651163948e-01
3.795811948208498432e-01,2.167216744673081397e-01
3.795630049808662032e-01,2.167945254791491527e-01
3.795447454129064480e-01,2.168667925731661839e-01
3.795264253698012458e-01,2.169385475307139821e-01
3.795080529881125209e-01,2.170098533635975158e-01
3.794896354241665826e-01,2.170807653877063204e-01
3.794711789694339976e-01,2.171513321617264958e-01
3.794526891558007153e-01,2.172215963143535600e-01
3.794341708458588980e-01,2.172915952696147790e-01
3.794156283140628916e-01,2.173613618813108883e-01
3.793970653185332331e-01,2.174309249935524602e-01
3.793784851605095931e-01,2.175003099279810836e-01
3.793598907426483091e-01,2.175695389167049687e-01
3.793412846157033780e-01,2.176386314783032572e-01
3.793226690218572950e-01,2.177076047497629174e-01
3.889130808719989951e-01,1.616578875683485628e-01
3.889017078888984957e-01,1.617702029532253616e-01
3.888936572570173000e-01,1.618703618775644282e-01
3.888853553209890013e-01,1.619652390381133011e-01
3.888765785992430724e-01,1.620559123340830632e-01
3.888673646066012068e-01,1.621429304916170433e-01
3.888577651798739709e-01,1.622267432968578504e-01
3.888478274890866948e-01,1.623077429934318971e-01
3.888375932063007911e-01,1.623862736769208226e-01
3.888270990382834968e-01,1.624626373729970985e-01
3.888163773056954042e-01,1.625370992026886341e-01
3.888054564612489772e-01,1.626098918966976392e-01
3.887943615466201153e-01,1.626812197574368235e-01
3.887831145988208670e-01,1.627512621350433730e-01
3.887717350072347200e-01,1.628201764790198625e-01
3.887602398302807405e-01,1.628881010147255615e-01
3.887486440700295143e-01,1.629551570915251379e-01
3.887369609231114964e-01,1.630214512466886811e-01
3.887252019928684743e-01,1.630870770141794324e-01
3.887133774827944976e-01,1.631521165132936158e-01
3.887014963638319998e-01,1.632166418428599441e-01
3.886895665219290419e-01,1.632807163044688314e-01
3.886775948886923016e-01,1.633443954764763340e-01
3.886655875579447805e-01,1.634077281583561359e-01
3.886535498851543813e-01,1.634707571966139972e-01
3.886414865781326333e-01,1.635335202131044663e-01
3.886294017722136673e-01,1.635960502396997251e-01
3.886172991027992407e-01,1.636583762822123311e-01
3.886051817646979378e-01,1.637205238084217807e-01
3.885930525652613321e-01,1.637825151822781822e-01
3.885809139709896498e-01,1.638443700404464687e-01
3.885687681498866120e-01,1.639061056264748961e-01
3.981844907278012657e-01,1.076226716965491964e-01
3.981799170190621351e-01,1.077266055020101865e-01
3.981783379691039571e-01,1.078188917415703330e-01
3.981764972075784725e-01,1.079059284189332474e-01
3.981741954241449499e-01,1.079887558664825442e-01
3.981714709338163849e-01,1.080679202993910931e-01
3.981683745448604261e-01,1.081438718104361096e-01
3.981649523067968821e-01,1.082170031868903981e-01
3.981612448219824518e-01,1.082876590846685444e-01
3.981572878022968665e-01,1.083561420836163108e-01
3.981531126458436876e-01,1.084227178397961788e-01
3.981487469568522064e-01,1.084876195969123186e-01
3.981442150040269135e-01,1.085510521452547339e-01
3.981395381187461391e-01,1.086131952937992168e-01
3.981347350538702035e-01,1.086742069218442630e-01
3.981298222908334350e-01,1.087342256544604202e-01
3.981248143166324360e-01,1.087933732134133968e-01
3.981197238599761268e-01,1.088517564774376389e-01
3.981145621104448251e-01,1.089094692971172701e-01
3.981093388987451687e-01,1.089665940804258187e-01
3.981040628634296974e-01,1.090232031907118204e-01
3.980987415959321152e-01,1.090793601718939160e-01
3.980933817653669604e-01,1.091351208227305525e-01
3.980879892321373958e-01,1.091905341425145615e-01
3.980825691445000203e-01,1.092456431598236022e-01
3.980771260265932865e-01,1.093004856604374714e-01
3.980716638515994776e-01,1.093550948259097294e-01
3.980661861115014077e-01,1.094094997958486720e-01
3.980606958735415368e-01,1.094637261600366063e-01
3.980551958331973172e-01,1.095177963910446833e-01
3.980496883582990142e-01,1.095717302246064645e-01
3.980441755289302885e-01,1.096255449922441255e-01
4.076185129777337157e-01,5.333282422412014695e-02
4.076207228198636123e-01,5.342791116660387807e-02
4.076256090817595434e-01,5.351188254045327608e-02
4.076302319709458888e-01,5.359062977079277756e-02
4.076344104641714261e-01,5.366516272173577767e-02
4.076381824826486588e-01,5.373602634602985678e-02
4.076415974441380263e-01,5.380367110285943361e-02
4.076447000458298109e-01,5.386849023003686954e-02
4.076475296311929952e-01,5.393082883873979994e-02
4.076501207440493824e-01,5.399098995743768087e-02
4.076525037159278164e-01,5.404923968043313931e-02
4.076547051737449134e-01,5.410581167102105488e-02
4.076567484989103152e-01,5.416091111933565849e-02
4.076586542216708020e-01,5.421471821316497380e-02
4.076604403687407174e-01,5.426739118550538005e-02
4.076621227690196414e-01,5.431906899142385087e-02
4.076637153248087730e-01,5.436987365926760490e-02
4.076652302409890516e-01,5.441991235140553052e-02
4.076666782362262653e-01,5.446927917790925916e-02
4.076680687243665058e-01,5.451805678674656597e-02
4.076694099715090225e-01,5.456631776035086867e-02
4.076707092369960539e-01,5.461412584202379739e-02
4.076719728958779765e-01,5.466153701312848057e-02
4.076732065458144039e-01,5.470860043765100877e-02
4.076744151039956576e-01,5.475535929465823876e-02
4.076756028876624138e-01,5.480185150519818055e-02
4.076767736897968786e-01,5.484811037447664961e-02
4.076779308412789571e-01,5.489416515321449835e-02
4.076790772649737105e-01,5.494004152988217482e-02
4.076802155312508891e-01,5.498576206792333415e-02
4.076813478965098936e-01,5.503134658321704592e-02
4.076824763421027509e-01,5.507681248000160373e-02
4.171632024123222426e-01,-1.010490437095415157e-03
4.171720482125140794e-01,-9.244567395956189470e-04
4.171832633830440118e-01,-8.489925517238970567e-04
4.171942198046865169e-01,-7.787308070585890595e-04
4.172047507419769374e-01,-7.126877881101667967e-04
4.172148928333967999e-01,-6.503189752311785716e-04
4.172246937886580076e-01,-5.911735148775867053e-04
4.172341967376357319e-01,-5.348577992257974329e-04
4.172434395881146063e-01,-4.810263541653482110e-04
4.172524555683836955e-01,-4.293757924758289518e-04
4.172612738089487294e-01,-3.796396690967587676e-04
4.172699198496706008e-01,-3.315839805293404339e-04
4.172784160856455871e-01,-2.850032134287834714e-04
4.172867821581660586e-01,-2.397168740198631369e-04
4.172950352936801721e-01,-1.955664421536507059e-04
4.173031906050135298e-01,-1.524126934169676073e-04
4.173112613497564349e-01,-1.101333508282731545e-04
4.173192591610486168e-01,-6.862102038044343253e-05
4.173271942453126715e-01,-2.778137969426750647e-05
4.173350755595706119e-01,1.246841453174888238e-05
4.173429109631893730e-01,5.220112289649345502e-05
4.173507073542200851e-01,9.148065180190514511e-05
4.173584707872028954e-01,1.303631309811741339e-04
4.173662065766516327e-01,1.688978601348035979e-04
4.173739193861287777e-01,2.071281399193518476e-04
4.173816133109078952e-01,2.450920027475218051e-04
4.173892919441979377e-01,2.828228529174141152e-04
4.173969584421076129e-01,3.203500314242634268e-04
4.174046155747364595e-01,3.576993093954698071e-04
4.174122657743217779e-01,3.948933223575257657e-04
4.174199111765256043e-01,4.319519520696703599e-04
4.174275536557157662e-01,4.688926617277341816e-04
4.267786146366607802e-01,-5.521990172248057716e-02
4.267938388073238554e-01,-5.514289271331017372e-02
4.268111369937339639e-01,-5.507590110512224080e-02
4.268281852275310762e-01,-5.501409120275331521e-02
4.268448287826170362e-01,-5.495650365961229217e-02
4.268611023650495384e-01,-5.490259393325371690e-02
4.268770516912612778e-01,-5.485191076155831319e-02
4.268927181265759763e-01,-5.480406023822669004e-02
4.269081379725467862e-01,-5.475869660728389238e-02
4.269233430056389444e-01,-5.471551619979414527e-02
4.269383610344436031e-01,-5.467425229612601911e-02
4.269532164089822612e-01,-5.463467062573622302e-02
4.269679304524791608e-01,-5.459656541845041289e-02
4.269825218401762656e-01,-5.455975593879962976e-02
4.269970069350371156e-01,-5.452408343760551529e-02
4.270114000763269302e-01,-5.448940847699785400e-02
4.270257138305101341e-01,-5.445560858137257071e-02
4.270399592141093104e-01,-5.442257617308288165e-02
4.270541458851121464e-01,-5.439021675945833467e-02
4.270682823114073656e-01,-5.435844734245676158e-02
4.270823759207451609e-01,-5.432719501762484082e-02
4.270964332239824968e-01,-5.429639574901481275e-02
4.271104599352811837e-01,-5.426599328800353617e-02
4.271244610646926509e-01,-5.423593822784505275e-02
4.271384410083373107e-01,-5.420618716984841601e-02
4.271524036242671518e-01,-5.417670199318427859e-02
4.271663522960024717e-01,-5.414744921314449538e-02
4.271802899932864994e-01,-5.411839941709471052e-02
4.271942193223771667e-01,-5.408952676910370322e-02
4.272081425699636448e-01,-5.406080857543837243e-02
4.272220617441216950e-01,-5.403222490160414226e-02
4.272359786062870368e-01,-5.400375823772692041e-02
4.364370908466354559e-01,-1.091302199732454986e-01
4.364583459115039532e-01,-1.090620072497050091e-01
4.364813918192514408e-01,-1.090032620613890779e-01
4.365041990713990350e-01,-1.089496765673085427e-01
4.365266240802725961e-01,-1.089003160742516713e-01
4.365486991725864852e-01,-1.088546358908752121e-01
4.365704678130193361e-01,-1.088121843561385138e-01
4.365919694028752573e-01,-1.087725673267215393e-01
4.366132384877344785e-01,-1.087354388332848754e-01
4.366343052530122781e-01,-1.087004949984571867e-01
4.366551960802101395e-01,-1.086674688945395706e-01
4.366759340321899052e-01,-1.086361260486359698e-01
4.366965392758415110e-01,-1.086062604986983288e-01
4.367170294557350396e-01,-1.085776913236426167e-01
4.367374200130681450e-01,-1.085502595999704584e-01
4.367577244632309674e-01,-1.085238257269055262e-01
4.367779546398604107e-01,-1.084982670771349050e-01
4.367981209060100012e-01,-1.084734759324921943e-01
4.368182323399227296e-01,-1.084493576701683198e-01
4.368382968938571143e-01,-1.084258291728060764e-01
4.368583215376898865e-01,-1.084028174274130618e-01
4.368783123786159628e-01,-1.083802582978920237e-01
4.368982747708355374e-01,-1.083580954445198530e-01
4.369182134065790479e-01,-1.083362793780334593e-01
4.369381324015430557e-01,-1.083147666248110846e-01
4.369580353641964732e-01,-1.082935189962303674e-01
4.369779254581380168e-01,-1.082725029467968281e-01
4.369978054595961003e-01,-1.082516890085907790e-01
4.370176778022009101e-01,-1.082310512963704507e-01
4.370375446209749937e-01,-1.082105670716538431e-01
4.370574077910561739e-01,-1.081902163599059857e-01
4.370772689556849389e-01,-1.081699816152741633e-01
4.461221659463334155e-01,-1.626030710723536388e-01
4.461490308763162993e-01,-1.625432657643184065e-01
4.461774167394916280e-01,-1.624923892356830435e-01
4.462055765209124170e-01,-1.624466475141163602e-01
4.462333779327762318e-01,-1.624051322596724023e-01
4.462608506733183322e-01,-1.623672988006123197e-01
4.462880357030129530e-01,-1.623326951148745811e-01
4.463149702739093172e-01,-1.623009268770671809e-01
4.463416870170032746e-01,-1.622716479720313354e-01
4.463682144025927223e-01,-1.622445543784209465e-01
4.463945772738289186e-01,-1.622193790259915946e-01
4.464207973166137711e-01,-1.621958873025206027e-01
4.464468934703501590e-01,-1.621738731113865628e-01
4.464728822821453225e-01,-1.621531554033453504e-01
4.464987782170835029e-01,-1.621335751329924246e-01
4.465245939211600068e-01,-1.621149925859615148e-01
4.465503404572099266e-01,-1.620972850283063094e-01
4.465760275028437531e-01,-1.620803446429872341e-01
4.466016635274473456e-01,-1.620640767173573138e-01
4.466272559442248657e-01,-1.620483980495816267e-01
4.466528112471798151e-01,-1.620332355496662269e-01
4.466783351202556207e-01,-1.620185250117705256e-01
4.467038325445651381e-01,-1.620042100327593049e-01
4.467293078818971863e-01,-1.619902410647296176e-01
4.467547649552073841e-01,-1.619765745825811343e-01
4.467802071150982490e-01,-1.619631723500509768e-01
4.468056372973769896e-01,-1.619500007787952611e-01
4.468310580776309049e-01,-1.619370303620963625e-01
4.468564717112370466e-01,-1.619242351804137392e-01
4.468818801774908644e-01,-1.619115924638638848e-01
4.469072852120749006e-01,-1.618990822102404081e-01
4.469326883371856352e-01,-1.618866868492118416e-01
4.558267819944331611e-01,-2.155283408995176120e-01
4.558587744470015690e-01,-2.154764323300193407e-01
4.558920329769080015e-01,-2.154329339187240067e-01
4.559250784787027833e-01,-2.153945416120957579e-01
4.559577907961249177e-01,-2.153603758560985182e-01
4.559901968899760516e-01,-2.153298924206872855e-01
4.560223349992034714e-01,-2.153026389944931174e-01
4.560542400370173333e-01,-2.152782211290122372e-01
4.560859425668404854e-01,-2.152562926277165334e-01
4.561174692138493247e-01,-2.152365493914160099e-01
4.561488431780615360e-01,-2.152187242730923267e-01
4.561800846820736055e-01,-2.152025825848451757e-01
4.562112113640091060e-01,-2.151879181543828179e-01
4.562422386133880292e-01,-2.151745498613497065e-01
4.562731798679636741e-01,-2.151623185932479421e-01
4.563040468615173761e-01,-2.151510845718551668e-01
4.563348498496621608e-01,-2.151407250033997021e-01
4.563655977938141928e-01,-2.151311320159208507e-01
4.563962985305513032e-01,-2.151222108455338455e-01
4.564269589155595663e-01,-2.151138782433929530e-01
4.564575849444056921e-01,-2.151060610770273718e-01
4.564881818646155387e-01,-2.150986951008450887e-01
4.565187542694356670e-01,-2.150917238769118889e-01
4.565493061810753095e-01,-2.150850978247457468e-01
4.565798411207494523e-01,-2.150787733896692422e-01
4.566103621725666195e-01,-2.150727123098725158e-01
4.566408720386064268e-01,-2.150668809726671571e-01
4.566713730862873577e-01,-2.150612498510880988e-01
4.567018673898396441e-01,-2.150557930058940581e-01
4.567323567667146977e-01,-2.150504876505834884e-01
4.567628428115595995e-01,-2.150453137677648119e-01
4.567933269197369528e-01,-2.150402537738594633e-01
4.655513224257241678e-01,-2.678233147915460854e-01
4.655879075790432808e-01,-2.677787054842447612e-01
4.656255213131972326e-01,-2.677420163157729349e-01
4.656629351561807351e-01,-2.677104004138866067e-01
4.657000422084114910e-01,-2.676830095320753555e-01
4.657368667277662078e-01,-2.676593005034045292e-01
4.657734440231562356e-01,-2.676388208405555136e-01
4.658098064805276661e-01,-2.676211760410483476e-01
4.658459824390122073e-01,-2.676060198949746782e-01
4.658819965557212117e-01,-2.675930482965998003e-01
4.659178702807742489e-01,-2.675819940912286810e-01
4.659536222869721245e-01,-2.675726225817292581e-01
4.659892688375866232e-01,-2.675647275869893482e-01
4.660248241077841191e-01,-2.675581279759763342e-01
4.660603004568249497e-01,-2.675526646263927666e-01
4.660957086676282835e-01,-2.675481977502490727e-01
4.661310581526663666e-01,-2.675446045451873034e-01
4.661663571311045473e-01,-2.675417771304173242e-01
4.662016127818789379e-01,-2.675396207347225941e-01
4.662368313792473185e-01,-2.675380521024940395e-01
4.662720184093228082e-01,-2.675369980948566484e-01
4.663071786661805995e-01,-2.675363944611724443e-01
4.663423163466639543e-01,-2.675361847577421015e-01
4.663774351208525570e-01,-2.675363194007771006e-01
4.664125381995413711e-01,-2.675367548316095467e-01
4.664476283949290369e-01,-2.675374527851085427e-01
4.664827081684730925e-01,-2.675383796463682295e-01
4.665177796749028771e-01,-2.675395058858351938e-01
4.665528448030058506e-01,-2.675408055630011939e-01
4.665879052056995380e-01,-2.675422558893992275e-01
4.666229623321918596e-01,-2.675438368467032424e-01
4.666580174521443580e-01,-2.675455308497938778e-01
4.753017914987629489e-01,-3.194303929312101720e-01
4.753423885229785539e-01,-3.193924287220791247e-01
4.753837965498015627e-01,-3.193619304492277267e-01
4.754250178718554265e-01,-3.193364686701463673e-01
4.754659599352886179e-01,-3.193152285255051459e-01
4.755066444128983605e-01,-3.192976686618882454e-01
4.755471035059136153e-01,-3.192833365758614983e-01
4.755873668860101655e-01,-3.192718377920337192e-01
4.756274605123088084e-01,-3.192628261672993961e-01
4.756674069434813079e-01,-3.192559976673325917e-01
4.757072257768578671e-01,-3.192510852072799610e-01
4.757469340480766640e-01,-3.192478541572421613e-01
4.757865465771462521e-01,-3.192460983972456590e-01
4.758260762615957873e-01,-3.192456368559204449e-01
4.758655343366906543e-01,-3.192463104657697337e-01
4.759049305935144636e-01,-3.192479794897123413e-01
4.759442735702750782e-01,-3.192505211731890280e-01
4.759835707136280680e-01,-3.192538276794655294e-01
4.760228285248216951e-01,-3.192578042781510361e-01
4.760620526791439766e-01,-3.192623677514814240e-01
4.761012481341450608e-01,-3.192674449959569394e-01
4.761404192204730101e-01,-3.192729717928777244e-01
4.761795697252185211e-01,-3.192788917290007578e-01
4.762187029579649789e-01,-3.192851552472419363e-01
4.762578218141902964e-01,-3.192917188143575835e-01
4.762969288252827393e-01,-3.192985441879119257e-01
4.763360262086558938e-01,-3.193055977741477425e-01
4.763751159026779480e-01,-3.193128500629407451e-01
4.764141996044483629e-01,-3.193202751312415599e-01
4.764532788003560393e-01,-3.193278502060428181e-01
4.764923547930688952e-01,-3.193355552841704026e-01
4.765314287214323929e-01,-3.193433727939772870e-01
4.765473802134518877e-01,-3.193470990355429806e-01
4.765857713445142418e-01,-3.193538913216702468e-01
4.766247708488396406e-01,-3.193618313544810960e-01
4.766638444626623006e-01,-3.193699709507792361e-01
4.767029229606137841e-01,-3.193781765058276711e-01
4.767419987829743522e-01,-3.193864239882689415e-01
4.767810723107911430e-01,-3.193947047311511134e-01
4.768201447522221192e-01,-3.194030127646650397e-01
4.768592172311087451e-01,-3.194113430505584605e-01
4.768982907030271390e-01,-3.194196911791691851e-01
4.769373659652584307e-01,-3.194280532695548125e-01
4.769764436862989343e-01,-3.194364259041020393e-01
4.770155244220354307e-01,-3.194448060749702778e-01
4.770546086414226838e-01,-3.194531911335004026e-01
4.770936967367703230e-01,-3.194615787488704894e-01
4.771327890370158364e-01,-3.194699668710696550e-01
4.771718858195057034e-01,-3.194783536958635262e-01
4.772109873153542181e-01,-3.194867376379486035e-01
4.772500937228928986e-01,-3.194951173019082713e-01
4.772892052073547942e-01,-3.195034914625205502e-01
4.773283219086422724e-01,-3.195118590425462535e-01
4.773674439452736395e-01,-3.195202190959975930e-01
4.774065714175718678e-01,-3.195285707916974416e-01
4.774457044109253756e-01,-3.195369134001069811e-01
4.774848429982758158e-01,-3.195452462807187310e-01
4.775239872408347241e-01,-3.195535688716856226e-01
4.775631371898752531e-01,-3.195618806803385281e-01
4.776022928910706455e-01,-3.195701812752144710e-01
4.776414543836592363e-01,-3.195784702772244690e-01
4.776806216992984244e-01,-3.195867473549613424e-01
4.777197948662468274e-01,-3.195950122188502829e-01
4.777589739079980968e-01,-3.196032646149876144e-01
4.777981588459465634e-01,-3.196115043217302443e-01
4.778373496967425749e-01,-3.196197311456944190e-01
4.778765464763305437e-01,-3.196279449180280396e-01
4.779157491985253081e-01,-3.196361454914404265e-01
4.779549578737555260e-01,-3.196443327385058986e-01
4.779941725120626095e-01,-3.196525065481124472e-01
4.780333931213599508e-01,-3.196606668237951254e-01
4.780726197095154784e-01,-3.196688134826798366e-01
4.781118522820738126e-01,-3.196769464527934312e-01
4.781510908451651054e-01,-3.196850656720734429e-01
4.781903354035583198e-01,-3.196931710879847288e-01
4.782295859604120403e-01,-3.197012626553539794e-01
4.782688425204159044e-01,-3.197093403354474006e-01
4.783081050864269601e-01,-3.197174040962320052e-01
4.783473736609895610e-01,-3.197254539104913418e-01
4.783866482465846115e-01,-3.197334897557095879e-01
4.784259288452787917e-01,-3.197415116132844015e-01
4.784652154586212514e-01,-3.197495194686254538e-01
4.785045080874846812e-01,-3.197575133104409439e-01
4.785438067344012225e-01,-3.197654931294395264e-01
4.785831114006165454e-01,-3.197734589189326071e-01
4.786224220866059920e-01,-3.197814106751731833e-01
4.786617387932792234e-01,-3.197893483954268867e-01
4.787010615220793075e-01,-3.197972720786816381e-01
4.787403902730906213e-01,-3.198051817255621598e-01
4.787797250466394039e-01,-3.198130773383092706e-01
4.788190658431782376e-01,-3.198209589198450220e-01
4.788584126645509809e-01,-3.198288264739094777e-01
4.788977655091735119e-01,-3.198366800055774117e-01
4.789371243787382548e-01,-3.198445195205862901e-01
4.789764892729674872e-01,-3.198523450251049005e-01
4.790158601926420290e-01,-3.198601565262589319e-01
4.790552371371212259e-01,-3.198679540311278879e-01
4.790946201078203903e-01,-3.198757375475693721e-01
4.791340091041312865e-01,-3.198835070840634343e-01
4.791734041262228350e-01,-3.198912626491807742e-01
4.792128051745902506e-01,-3.198990042514642251e-01
4.792522122493710901e-01,-3.199067319005036714e-01
4.792916253506023794e-01,-3.199144456054376917e-01
4.793310444779659840e-01,-3.199221453762329803e-01
4.793704696318339398e-01,-3.199298312224768126e-01
4.794099008129077411e-01,-3.199375031540655501e-01
4.794493380193510790e-01,-3.199451611813905472e-01
4.794887812530261306e-01,-3.199528053141285078e-01
4.795282305130007527e-01,-3.199604355631354702e-01
4.795676857999637832e-01,-3.199680519386850497e-01
4.796071471139027320e-01,-3.199756544510238832e-01
4.796466144549776378e-01,-3.199832431107393349e-01
4.796860878230397862e-01,-3.199908179289033816e-01
4.797255672171782948e-01,-3.199983789162788583e-01
4.797650526377629232e-01,-3.200059260835346198e-01
4.798045440861555821e-01,-3.200134594409398403e-01
4.798440415604067200e-01,-3.200209790000023147e-01
4.798835450621058984e-01,-3.200284847711629133e-01
4.799230545897329447e-01,-3.200359767655253096e-01
4.799625701444155124e-01,-3.200434549940659457e-01
4.800020917259757991e-01,-3.200509194674150959e-01
4.800416193343137183e-01,-3.200583701968814365e-01
4.800811529686150880e-01,-3.200658071934002202e-01
4.801206926301881950e-01,-3.200732304677183504e-01
4.801602383177480671e-01,-3.200806400310021727e-01
4.801997900311309464e-01,-3.200880358946832094e-01
4.802393477718052139e-01,-3.200954180689215001e-01
4.802789115399970776e-01,-3.201027865652443793e-01
4.803184813341723758e-01,-3.201101413949533070e-01
4.803580571543403788e-01,-3.201174825689881431e-01
4.803976390006195474e-01,-3.201248100981122779e-01
4.804372268734754536e-01,-3.201321239933523355e-01
4.804768207729729901e-01,-3.201394242662432554e-01
4.805164206982741049e-01,-3.201467109276271983e-01
4.805560266499434574e-01,-3.201539839883893457e-01
4.805956386280543779e-01,-3.201612434599623858e-01
4.806352566319577746e-01,-3.201684893527633191e-01
4.806748806607843982e-01,-3.201757216787802784e-01
4.807145107159671582e-01,-3.201829404486404296e-01
4.807541467974916771e-01,-3.201901456732295648e-01
4.807937889043428226e-01,-3.201973373641000542e-01
4.808334370367027266e-01,-3.202045155317490566e-01
4.808730911948495557e-01,-3.202116801877180619e-01
4.809127513787061492e-01,-3.202188313430235911e-01
4.809524175891748410e-01,-3.202259690084971466e-01
4.809920898241169529e-01,-3.202330931954007753e-01
4.810317680846578625e-01,-3.202402039147752566e-01
4.810714523703040202e-01,-3.202473011778251832e-01
4.811111426802945346e-01,-3.202543849956465127e-01
4.876393330045916685e-01,-3.203230538001688998e-01
