num_layers: 81
num_baselayers: 0
line_resolution: 0.1
baselayer_thickness: 4
point_distance: 3.141592653589793
dh_max: 1.8586869198094167
dh_min: 1.2378870812094702
point_of_rotation: 124.68944367816218
layer_angle: 0.7114024922247976
tube_diameter: 50
smooth_filter: False
q_positioner_seed: 
  - -0.261799387799149
  - 4.833336940642538160




